Datetime,Open,High,Low,Close,Adj Close,Volume
2023-08-15 09:30:00,0.47099998593330383,0.4830000102519989,0.47099998593330383,0.4830000102519989,0.4830000102519989,1539
2023-08-15 09:45:00,0.460999995470047,0.460999995470047,0.460999995470047,0.460999995470047,0.460999995470047,420
2023-08-15 10:00:00,0.45989999175071716,0.45989999175071716,0.45876801013946533,0.4598270058631897,0.4598270058631897,5837
2023-08-15 10:15:00,0.45876801013946533,0.45876801013946533,0.45876801013946533,0.45876801013946533,0.45876801013946533,381
2023-08-15 10:30:00,0.45979899168014526,0.45989999175071716,0.45979899168014526,0.45989999175071716,0.45989999175071716,635
2023-08-15 11:00:00,0.45405998826026917,0.45405998826026917,0.45405998826026917,0.45405998826026917,0.45405998826026917,218
2023-08-15 11:15:00,0.45989999175071716,0.45989999175071716,0.45989999175071716,0.45989999175071716,0.45989999175071716,400
2023-08-15 11:30:00,0.46000000834465027,0.46000000834465027,0.45410001277923584,0.45410001277923584,0.45410001277923584,5267
2023-08-15 11:45:00,0.47679999470710754,0.47679999470710754,0.47679999470710754,0.47679999470710754,0.47679999470710754,249
2023-08-15 12:15:00,0.47269999980926514,0.47269999980926514,0.46000000834465027,0.46000000834465027,0.46000000834465027,1730
2023-08-15 14:30:00,0.4828999936580658,0.4830000102519989,0.4781000018119812,0.4830000102519989,0.4830000102519989,3380
2023-08-15 15:45:00,0.460999995470047,0.460999995470047,0.460999995470047,0.460999995470047,0.460999995470047,0
2023-08-16 09:30:00,0.4560000002384186,0.48989999294281006,0.4560000002384186,0.48989999294281006,0.48989999294281006,620
2023-08-16 10:00:00,0.46994999051094055,0.48980000615119934,0.46994999051094055,0.48980000615119934,0.48980000615119934,797
2023-08-16 10:45:00,0.45500001311302185,0.48989999294281006,0.45500001311302185,0.48989999294281006,0.48989999294281006,4271
2023-08-16 11:00:00,0.49000000953674316,0.49000000953674316,0.49000000953674316,0.49000000953674316,0.49000000953674316,200
2023-08-16 11:30:00,0.4699999988079071,0.4699999988079071,0.4699999988079071,0.4699999988079071,0.4699999988079071,5145
2023-08-16 11:45:00,0.49000000953674316,0.49000000953674316,0.49000000953674316,0.49000000953674316,0.49000000953674316,265
2023-08-16 12:00:00,0.4896000027656555,0.49000000953674316,0.46010100841522217,0.46010100841522217,0.46010100841522217,860
2023-08-16 12:45:00,0.48829999566078186,0.49000000953674316,0.4650000035762787,0.4650000035762787,0.4650000035762787,3281
2023-08-16 13:30:00,0.48820000886917114,0.48820000886917114,0.48820000886917114,0.48820000886917114,0.48820000886917114,240
2023-08-16 14:30:00,0.4620000123977661,0.4620000123977661,0.4620000123977661,0.4620000123977661,0.4620000123977661,250
2023-08-16 15:45:00,0.48829999566078186,0.48829999566078186,0.4763999879360199,0.4763999879360199,0.4763999879360199,0
2023-08-17 09:45:00,0.4603999853134155,0.460999995470047,0.46000000834465027,0.46000000834465027,0.46000000834465027,3983
2023-08-17 11:00:00,0.460999995470047,0.460999995470047,0.460999995470047,0.460999995470047,0.460999995470047,854
2023-08-17 13:00:00,0.460999995470047,0.460999995470047,0.460999995470047,0.460999995470047,0.460999995470047,191
2023-08-17 14:45:00,0.44999998807907104,0.4609000086784363,0.4401000142097473,0.4609000086784363,0.4609000086784363,10319
2023-08-17 15:00:00,0.44200000166893005,0.44200000166893005,0.4399999976158142,0.4399999976158142,0.4399999976158142,3855
2023-08-17 15:15:00,0.4609900116920471,0.4609900116920471,0.4609900116920471,0.4609900116920471,0.4609900116920471,303
2023-08-17 15:45:00,0.4349829852581024,0.460999995470047,0.4349829852581024,0.460999995470047,0.460999995470047,2395
2023-08-18 09:30:00,0.4302000105381012,0.4487000107765198,0.4302000105381012,0.4487000107765198,0.4487000107765198,2566
2023-08-18 11:00:00,0.43550801277160645,0.43550801277160645,0.4300999939441681,0.4300999939441681,0.4300999939441681,606
2023-08-18 12:15:00,0.460999995470047,0.460999995470047,0.460999995470047,0.460999995470047,0.460999995470047,200
2023-08-18 13:30:00,0.4555000066757202,0.4555000066757202,0.4555000066757202,0.4555000066757202,0.4555000066757202,180
2023-08-18 13:45:00,0.45192599296569824,0.45192599296569824,0.45192599296569824,0.45192599296569824,0.45192599296569824,271
2023-08-18 14:15:00,0.4607990086078644,0.4608989953994751,0.4399999976158142,0.4608989953994751,0.4608989953994751,6184
2023-08-18 14:30:00,0.46000000834465027,0.46000000834465027,0.46000000834465027,0.46000000834465027,0.46000000834465027,298
2023-08-18 15:30:00,0.4351010024547577,0.4351010024547577,0.4351010024547577,0.4351010024547577,0.4351010024547577,126
2023-08-18 15:45:00,0.4410000145435333,0.4609000086784363,0.4350999891757965,0.4350999891757965,0.4350999891757965,5207
2023-08-21 09:30:00,0.4401000142097473,0.4514999985694885,0.4300000071525574,0.4514999985694885,0.4514999985694885,12580
2023-08-21 10:15:00,0.4300999939441681,0.46000000834465027,0.4300999939441681,0.46000000834465027,0.46000000834465027,863
2023-08-21 10:30:00,0.4300000071525574,0.4300000071525574,0.4300000071525574,0.4300000071525574,0.4300000071525574,3535
2023-08-21 11:00:00,0.41999998688697815,0.41999998688697815,0.41999998688697815,0.41999998688697815,0.41999998688697815,1063
2023-08-21 11:30:00,0.42000100016593933,0.42000100016593933,0.41999998688697815,0.41999998688697815,0.41999998688697815,628
2023-08-21 12:15:00,0.4300000071525574,0.4300000071525574,0.4300000071525574,0.4300000071525574,0.4300000071525574,380
2023-08-21 13:00:00,0.41999998688697815,0.41999998688697815,0.41999998688697815,0.41999998688697815,0.41999998688697815,477
2023-08-21 15:45:00,0.4788999855518341,0.4788999855518341,0.4788999855518341,0.4788999855518341,0.4788999855518341,0
2023-08-22 09:30:00,0.4596000015735626,0.4596000015735626,0.4596000015735626,0.4596000015735626,0.4596000015735626,718
2023-08-22 10:15:00,0.45989999175071716,0.45989999175071716,0.45989999175071716,0.45989999175071716,0.45989999175071716,528
2023-08-22 10:30:00,0.44999998807907104,0.44999998807907104,0.41999998688697815,0.42100000381469727,0.42100000381469727,896
2023-08-22 10:45:00,0.4699000120162964,0.4699000120162964,0.4699000120162964,0.4699000120162964,0.4699000120162964,672
2023-08-22 11:30:00,0.42100000381469727,0.42100000381469727,0.42100000381469727,0.42100000381469727,0.42100000381469727,566
2023-08-22 12:00:00,0.46970000863075256,0.46970000863075256,0.44540101289749146,0.44540101289749146,0.44540101289749146,316
2023-08-22 13:30:00,0.45426300168037415,0.45426300168037415,0.42100000381469727,0.42100000381469727,0.42100000381469727,300
2023-08-22 13:45:00,0.42100000381469727,0.42100000381469727,0.42100000381469727,0.42100000381469727,0.42100000381469727,461
2023-08-22 15:30:00,0.4410000145435333,0.4410000145435333,0.4300000071525574,0.4300000071525574,0.4300000071525574,3531
2023-08-22 15:45:00,0.4392940104007721,0.4392940104007721,0.4300000071525574,0.4300000071525574,0.4300000071525574,0
2023-08-23 09:30:00,0.4000000059604645,0.42989999055862427,0.4000000059604645,0.42989999055862427,0.42989999055862427,1638
2023-08-23 11:00:00,0.4198000133037567,0.4198000133037567,0.4099999964237213,0.4099999964237213,0.4099999964237213,1802
2023-08-23 11:15:00,0.4300000071525574,0.4300000071525574,0.4300000071525574,0.4300000071525574,0.4300000071525574,509
2023-08-23 11:30:00,0.41100001335144043,0.4300000071525574,0.4099999964237213,0.4099999964237213,0.4099999964237213,13678
2023-08-23 12:00:00,0.41999998688697815,0.41999998688697815,0.41999998688697815,0.41999998688697815,0.41999998688697815,250
2023-08-23 12:30:00,0.4230000078678131,0.4300000071525574,0.4099999964237213,0.4099999964237213,0.4099999964237213,11578
2023-08-23 13:15:00,0.41019999980926514,0.41019999980926514,0.4099999964237213,0.4099999964237213,0.4099999964237213,744
2023-08-23 15:00:00,0.41979900002479553,0.41979900002479553,0.41979900002479553,0.41979900002479553,0.41979900002479553,137
2023-08-23 15:45:00,0.41100001335144043,0.41100001335144043,0.41100001335144043,0.41100001335144043,0.41100001335144043,0
2023-08-24 10:00:00,0.43149998784065247,0.4339999854564667,0.43149998784065247,0.4339999854564667,0.4339999854564667,1120
2023-08-24 11:00:00,0.4339999854564667,0.4339999854564667,0.4099999964237213,0.4099999964237213,0.4099999964237213,600
2023-08-24 11:15:00,0.4099999964237213,0.4101000130176544,0.4099999964237213,0.4101000130176544,0.4101000130176544,410
2023-08-24 11:45:00,0.41499999165534973,0.41499999165534973,0.41499999165534973,0.41499999165534973,0.41499999165534973,289
2023-08-24 14:15:00,0.4099999964237213,0.4101000130176544,0.4009999930858612,0.4009999930858612,0.4009999930858612,1390
2023-08-24 14:30:00,0.40799999237060547,0.4537999927997589,0.40799999237060547,0.4537999927997589,0.4537999927997589,5685
2023-08-25 09:30:00,0.41100001335144043,0.42170000076293945,0.4004000127315521,0.42170000076293945,0.42170000076293945,2440
2023-08-25 09:45:00,0.4020000100135803,0.4020000100135803,0.39500001072883606,0.4018000066280365,0.4018000066280365,10737
2023-08-25 10:00:00,0.3950999975204468,0.39959999918937683,0.39500001072883606,0.39500001072883606,0.39500001072883606,2661
2023-08-25 10:15:00,0.39959999918937683,0.39980000257492065,0.39500001072883606,0.3959999978542328,0.3959999978542328,3159
2023-08-25 10:30:00,0.3959999978542328,0.3961000144481659,0.39500001072883606,0.39500001072883606,0.39500001072883606,4135
2023-08-25 10:45:00,0.399399995803833,0.399399995803833,0.38999998569488525,0.38999998569488525,0.38999998569488525,1424
2023-08-25 11:00:00,0.39489999413490295,0.39489999413490295,0.3799999952316284,0.38100001215934753,0.38100001215934753,7559
2023-08-25 11:15:00,0.38499999046325684,0.38499999046325684,0.3799999952316284,0.3799999952316284,0.3799999952316284,5370
2023-08-25 11:30:00,0.3799999952316284,0.39489901065826416,0.3799999952316284,0.38999998569488525,0.38999998569488525,25984
2023-08-25 11:45:00,0.38499999046325684,0.38499999046325684,0.38499999046325684,0.38499999046325684,0.38499999046325684,375
2023-08-25 12:00:00,0.3799999952316284,0.39489999413490295,0.3799999952316284,0.38510000705718994,0.38510000705718994,1969
2023-08-25 12:15:00,0.38510000705718994,0.38519999384880066,0.38510000705718994,0.38519999384880066,0.38519999384880066,321
2023-08-25 12:30:00,0.38510000705718994,0.38510000705718994,0.38510000705718994,0.38510000705718994,0.38510000705718994,525
2023-08-25 12:45:00,0.38100001215934753,0.38100001215934753,0.3799999952316284,0.3799999952316284,0.3799999952316284,240
2023-08-25 13:00:00,0.3799999952316284,0.39489999413490295,0.3799999952316284,0.3799999952316284,0.3799999952316284,1774
2023-08-25 13:15:00,0.3799999952316284,0.3799999952316284,0.3799999952316284,0.3799999952316284,0.3799999952316284,200
2023-08-25 13:30:00,0.3799999952316284,0.3799999952316284,0.3799999952316284,0.3799999952316284,0.3799999952316284,430
2023-08-25 13:45:00,0.3799999952316284,0.3801000118255615,0.3799999952316284,0.3801000118255615,0.3801000118255615,202
2023-08-25 14:00:00,0.3801000118255615,0.39100000262260437,0.3801000118255615,0.39100000262260437,0.39100000262260437,315
2023-08-25 14:15:00,0.39100000262260437,0.39100000262260437,0.39100000262260437,0.39100000262260437,0.39100000262260437,409
2023-08-25 14:30:00,0.3801000118255615,0.39890000224113464,0.3801000118255615,0.39890000224113464,0.39890000224113464,400
2023-08-25 14:45:00,0.3799999952316284,0.3801000118255615,0.3799999952316284,0.3801000118255615,0.3801000118255615,5900
2023-08-25 15:00:00,0.3799999952316284,0.38190001249313354,0.3799999952316284,0.38190001249313354,0.38190001249313354,200
2023-08-25 15:15:00,0.38190001249313354,0.38190001249313354,0.38019999861717224,0.38019999861717224,0.38019999861717224,545
2023-08-25 15:30:00,0.38019999861717224,0.3986000120639801,0.38019999861717224,0.3986000120639801,0.3986000120639801,973
2023-08-25 15:45:00,0.3905999958515167,0.4016999900341034,0.390500009059906,0.390500009059906,0.390500009059906,3196
2023-08-28 09:30:00,0.39899998903274536,0.39899998903274536,0.3799999952316284,0.3869999945163727,0.3869999945163727,1901
2023-08-28 09:45:00,0.3869999945163727,0.3869999945163727,0.3869999945163727,0.3869999945163727,0.3869999945163727,410
2023-08-28 10:00:00,0.3871000111103058,0.3871000111103058,0.38499999046325684,0.38499999046325684,0.38499999046325684,623
2023-08-28 10:15:00,0.38499999046325684,0.38499999046325684,0.38499999046325684,0.38499999046325684,0.38499999046325684,400
2023-08-28 10:30:00,0.38510000705718994,0.38510000705718994,0.38499999046325684,0.38499999046325684,0.38499999046325684,976
2023-08-28 10:45:00,0.38499999046325684,0.38499999046325684,0.38499999046325684,0.38499999046325684,0.38499999046325684,1234
2023-08-28 11:00:00,0.38499999046325684,0.38499999046325684,0.38499999046325684,0.38499999046325684,0.38499999046325684,617
2023-08-28 11:15:00,0.38499999046325684,0.3869900107383728,0.37599998712539673,0.3868989944458008,0.3868989944458008,7137
2023-08-28 11:30:00,0.37599998712539673,0.37869998812675476,0.37599998712539673,0.37599998712539673,0.37599998712539673,707
2023-08-28 11:45:00,0.37599998712539673,0.37599998712539673,0.37599998712539673,0.37599998712539673,0.37599998712539673,201
2023-08-28 12:00:00,0.37599998712539673,0.37599998712539673,0.37599998712539673,0.37599998712539673,0.37599998712539673,254
2023-08-28 12:15:00,0.37599998712539673,0.3847000002861023,0.37599998712539673,0.3847000002861023,0.3847000002861023,870
2023-08-28 12:30:00,0.3711000084877014,0.3847000002861023,0.3711000084877014,0.3711000084877014,0.3711000084877014,801
2023-08-28 12:45:00,0.3711000084877014,0.3847000002861023,0.3709999918937683,0.3847000002861023,0.3847000002861023,701
2023-08-28 13:00:00,0.3711000084877014,0.3711009919643402,0.3709999918937683,0.3711000084877014,0.3711000084877014,893
2023-08-28 13:15:00,0.3720000088214874,0.3823019862174988,0.3720000088214874,0.3823019862174988,0.3823019862174988,400
2023-08-28 13:30:00,0.3720000088214874,0.3720000088214874,0.3720000088214874,0.3720000088214874,0.3720000088214874,250
2023-08-28 13:45:00,0.3720000088214874,0.3720000088214874,0.3720000088214874,0.3720000088214874,0.3720000088214874,0
2023-08-28 14:00:00,0.3720000088214874,0.3720000088214874,0.3720000088214874,0.3720000088214874,0.3720000088214874,18826
2023-08-28 14:15:00,0.38370001316070557,0.3837999999523163,0.37209999561309814,0.37299999594688416,0.37299999594688416,1292
2023-08-28 14:30:00,0.37209999561309814,0.37209999561309814,0.37209999561309814,0.37209999561309814,0.37209999561309814,200
2023-08-28 14:45:00,0.3720000088214874,0.3720000088214874,0.3720000088214874,0.3720000088214874,0.3720000088214874,300
2023-08-28 15:00:00,0.3837999999523163,0.3837999999523163,0.37209999561309814,0.3801000118255615,0.3801000118255615,2601
2023-08-28 15:15:00,0.3801000118255615,0.3837999999523163,0.3801000118255615,0.3837999999523163,0.3837999999523163,1229
2023-08-28 15:30:00,0.3837999999523163,0.3837999999523163,0.38370001316070557,0.38370001316070557,0.38370001316070557,500
2023-08-28 15:45:00,0.38370001316070557,0.3840000033378601,0.3709999918937683,0.3709999918937683,0.3709999918937683,433
2023-08-29 09:30:00,0.3709999918937683,0.3709999918937683,0.3709999918937683,0.3709999918937683,0.3709999918937683,400
2023-08-29 09:45:00,0.3709999918937683,0.3709999918937683,0.35100001096725464,0.35100001096725464,0.35100001096725464,15375
2023-08-29 10:00:00,0.3521000146865845,0.3521000146865845,0.33000001311302185,0.33500000834465027,0.33500000834465027,28939
2023-08-29 10:15:00,0.33500000834465027,0.3400000035762787,0.33500000834465027,0.335999995470047,0.335999995470047,12912
2023-08-29 10:30:00,0.3398999869823456,0.35580000281333923,0.33500000834465027,0.3549000024795532,0.3549000024795532,30765
2023-08-29 10:45:00,0.3400000035762787,0.35499998927116394,0.33000001311302185,0.33500000834465027,0.33500000834465027,15892
2023-08-29 11:00:00,0.3357490003108978,0.3465000092983246,0.3357490003108978,0.3400000035762787,0.3400000035762787,8649
2023-08-29 11:30:00,0.3465999960899353,0.3465999960899353,0.3400000035762787,0.3400000035762787,0.3400000035762787,1711
2023-08-29 11:45:00,0.3465999960899353,0.3465999960899353,0.33649998903274536,0.3440000116825104,0.3440000116825104,695
2023-08-29 12:00:00,0.3402999937534332,0.35499998927116394,0.3370000123977661,0.3370000123977661,0.3370000123977661,2203
2023-08-29 12:15:00,0.33649998903274536,0.35339999198913574,0.33649998903274536,0.353300005197525,0.353300005197525,1225
2023-08-29 12:30:00,0.35339999198913574,0.35339999198913574,0.33869999647140503,0.33869999647140503,0.33869999647140503,1965
2023-08-29 12:45:00,0.35010001063346863,0.35010001063346863,0.35010001063346863,0.35010001063346863,0.35010001063346863,335
2023-08-29 13:00:00,0.35010001063346863,0.35010001063346863,0.3499999940395355,0.3499999940395355,0.3499999940395355,409
2023-08-29 13:30:00,0.35010001063346863,0.35010001063346863,0.35010001063346863,0.35010001063346863,0.35010001063346863,200
2023-08-29 13:45:00,0.3499999940395355,0.3499999940395355,0.3400999903678894,0.3409999907016754,0.3409999907016754,701
2023-08-29 14:00:00,0.34119999408721924,0.34119999408721924,0.34119999408721924,0.34119999408721924,0.34119999408721924,0
2023-08-29 14:15:00,0.3490000069141388,0.35499998927116394,0.34150001406669617,0.34150001406669617,0.34150001406669617,131477
2023-08-29 14:30:00,0.3449999988079071,0.35499998927116394,0.3449999988079071,0.35499998927116394,0.35499998927116394,12414
2023-08-29 14:45:00,0.35989999771118164,0.36910000443458557,0.35499998927116394,0.3644999861717224,0.3644999861717224,6865
2023-08-29 15:00:00,0.36899998784065247,0.36899998784065247,0.36899998784065247,0.36899998784065247,0.36899998784065247,500
2023-08-29 15:15:00,0.3646000027656555,0.3646000027656555,0.3619999885559082,0.3625999987125397,0.3625999987125397,7870
2023-08-29 15:30:00,0.3621000051498413,0.3621000051498413,0.3619999885559082,0.3621000051498413,0.3621000051498413,1200
2023-08-29 15:45:00,0.3619999885559082,0.3621000051498413,0.3619999885559082,0.3621000051498413,0.3621000051498413,460
2023-08-30 09:30:00,0.3521000146865845,0.3522000014781952,0.33500000834465027,0.3521000146865845,0.3521000146865845,5553
2023-08-30 09:45:00,0.36010000109672546,0.36010000109672546,0.36010000109672546,0.36010000109672546,0.36010000109672546,779
2023-08-30 10:00:00,0.36000001430511475,0.3621000051498413,0.36000001430511475,0.3610999882221222,0.3610999882221222,914
2023-08-30 10:15:00,0.3610999882221222,0.3610999882221222,0.3610999882221222,0.3610999882221222,0.3610999882221222,300
2023-08-30 10:30:00,0.36010000109672546,0.3621000051498413,0.36010000109672546,0.3621000051498413,0.3621000051498413,400
2023-08-30 10:45:00,0.3621000051498413,0.3621000051498413,0.361299991607666,0.36169999837875366,0.36169999837875366,414
2023-08-30 11:00:00,0.361299991607666,0.361299991607666,0.361299991607666,0.361299991607666,0.361299991607666,300
2023-08-30 11:15:00,0.361299991607666,0.361299991607666,0.361299991607666,0.361299991607666,0.361299991607666,400
2023-08-30 11:30:00,0.3621000051498413,0.3621000051498413,0.36169999837875366,0.3621000051498413,0.3621000051498413,500
2023-08-30 11:45:00,0.3621000051498413,0.3621000051498413,0.3621000051498413,0.3621000051498413,0.3621000051498413,200
2023-08-30 12:00:00,0.3621000051498413,0.36910000443458557,0.361299991607666,0.3619999885559082,0.3619999885559082,2501
2023-08-30 12:15:00,0.361299991607666,0.36910000443458557,0.361299991607666,0.36910000443458557,0.36910000443458557,1859
2023-08-30 12:30:00,0.36910000443458557,0.3691999912261963,0.3517000079154968,0.3691999912261963,0.3691999912261963,16642
2023-08-30 12:45:00,0.3517000079154968,0.35179999470710754,0.3517000079154968,0.3517000079154968,0.3517000079154968,310
2023-08-30 13:00:00,0.3517000079154968,0.35179999470710754,0.3517000079154968,0.3517000079154968,0.3517000079154968,654
2023-08-30 13:15:00,0.3517000079154968,0.3700000047683716,0.3517000079154968,0.3700000047683716,0.3700000047683716,9203
2023-08-30 13:30:00,0.36970001459121704,0.3700000047683716,0.3517000079154968,0.3700000047683716,0.3700000047683716,8262
2023-08-30 13:45:00,0.36970001459121704,0.36970001459121704,0.36970001459121704,0.36970001459121704,0.36970001459121704,102
2023-08-30 14:00:00,0.36970001459121704,0.3700000047683716,0.36970001459121704,0.3700000047683716,0.3700000047683716,502
2023-08-30 14:15:00,0.3700000047683716,0.3700000047683716,0.35179999470710754,0.3698999881744385,0.3698999881744385,1103
2023-08-30 14:30:00,0.35179999470710754,0.35179999470710754,0.35179999470710754,0.35179999470710754,0.35179999470710754,427
2023-08-30 15:00:00,0.3608500063419342,0.3610000014305115,0.3608500063419342,0.3610000014305115,0.3610000014305115,506
2023-08-30 15:15:00,0.36010000109672546,0.3698999881744385,0.36010000109672546,0.3698999881744385,0.3698999881744385,580
2023-08-30 15:30:00,0.3610999882221222,0.3698999881744385,0.3610999882221222,0.3610999882221222,0.3610999882221222,658
2023-08-30 15:45:00,0.35179999470710754,0.35199999809265137,0.3517000079154968,0.35199999809265137,0.35199999809265137,403
2023-08-31 09:30:00,0.367000013589859,0.367900013923645,0.35199999809265137,0.3529999852180481,0.3529999852180481,5902
2023-08-31 09:45:00,0.359948992729187,0.367900013923645,0.35199999809265137,0.367900013923645,0.367900013923645,3074
2023-08-31 10:00:00,0.3529999852180481,0.3529999852180481,0.35199999809265137,0.35199999809265137,0.35199999809265137,447
2023-08-31 10:15:00,0.35199999809265137,0.35199999809265137,0.35199999809265137,0.35199999809265137,0.35199999809265137,314
2023-08-31 10:30:00,0.359950989484787,0.359950989484787,0.35199999809265137,0.35199999809265137,0.35199999809265137,1059
2023-08-31 11:00:00,0.35199999809265137,0.35199999809265137,0.35199999809265137,0.35199999809265137,0.35199999809265137,414
2023-08-31 11:15:00,0.3677999973297119,0.3677999973297119,0.36010000109672546,0.36010000109672546,0.36010000109672546,613
2023-08-31 11:30:00,0.36010000109672546,0.3639500141143799,0.36010000109672546,0.3639500141143799,0.3639500141143799,737
2023-08-31 11:45:00,0.367900013923645,0.41940000653266907,0.35600000619888306,0.35600000619888306,0.35600000619888306,17659
2023-08-31 12:00:00,0.36000001430511475,0.36000001430511475,0.36000001430511475,0.36000001430511475,0.36000001430511475,1410
2023-08-31 12:15:00,0.36000001430511475,0.36000001430511475,0.36000001430511475,0.36000001430511475,0.36000001430511475,1871
2023-08-31 12:30:00,0.36000001430511475,0.3637999892234802,0.35600000619888306,0.3637999892234802,0.3637999892234802,4146
2023-08-31 12:45:00,0.3578999936580658,0.3636989891529083,0.3521000146865845,0.36010000109672546,0.36010000109672546,2450
2023-08-31 13:00:00,0.3619999885559082,0.3619999885559082,0.3601999878883362,0.3619999885559082,0.3619999885559082,714
2023-08-31 13:15:00,0.3601999878883362,0.3601999878883362,0.3601999878883362,0.3601999878883362,0.3601999878883362,708
2023-08-31 13:30:00,0.36010000109672546,0.36010000109672546,0.36010000109672546,0.36010000109672546,0.36010000109672546,509
2023-08-31 13:45:00,0.36010000109672546,0.3601999878883362,0.36010000109672546,0.3601999878883362,0.3601999878883362,943
2023-08-31 14:00:00,0.36010000109672546,0.36010000109672546,0.35199999809265137,0.35199999809265137,0.35199999809265137,4601
2023-08-31 14:15:00,0.3578999936580658,0.3578999936580658,0.35199999809265137,0.3578999936580658,0.3578999936580658,900
2023-08-31 14:30:00,0.3580000102519989,0.3580000102519989,0.3522000014781952,0.3522000014781952,0.3522000014781952,801
2023-08-31 14:45:00,0.3522000014781952,0.3522000014781952,0.3522000014781952,0.3522000014781952,0.3522000014781952,662
2023-08-31 15:00:00,0.35199999809265137,0.35199999809265137,0.35199999809265137,0.35199999809265137,0.35199999809265137,610
2023-08-31 15:15:00,0.357899010181427,0.3621630072593689,0.35199999809265137,0.35199999809265137,0.35199999809265137,1009
2023-08-31 15:30:00,0.357901006937027,0.3637999892234802,0.3499999940395355,0.35690000653266907,0.35690000653266907,1596
2023-08-31 15:45:00,0.3499999940395355,0.3569500148296356,0.3499999940395355,0.3499999940395355,0.3499999940395355,2015
2023-09-01 09:30:00,0.35199999809265137,0.36000001430511475,0.3499999940395355,0.35054999589920044,0.35054999589920044,7763
2023-09-01 09:45:00,0.3508000075817108,0.35100001096725464,0.3508000075817108,0.35100001096725464,0.35100001096725464,303
2023-09-01 10:00:00,0.35989999771118164,0.35989999771118164,0.350600004196167,0.351500004529953,0.351500004529953,2536
2023-09-01 10:15:00,0.35179999470710754,0.3708989918231964,0.35179999470710754,0.3708989918231964,0.3708989918231964,942
2023-09-01 10:30:00,0.35989999771118164,0.35989999771118164,0.35199999809265137,0.35199999809265137,0.35199999809265137,623
2023-09-01 10:45:00,0.35199999809265137,0.35199999809265137,0.35199999809265137,0.35199999809265137,0.35199999809265137,403
2023-09-01 11:00:00,0.35199999809265137,0.3540000021457672,0.35199999809265137,0.35199999809265137,0.35199999809265137,1112
2023-09-01 11:15:00,0.35199999809265137,0.3521000146865845,0.35199999809265137,0.3521000146865845,0.3521000146865845,1053
2023-09-01 11:30:00,0.35199999809265137,0.35405001044273376,0.35199999809265137,0.35405001044273376,0.35405001044273376,2559
2023-09-01 12:00:00,0.35199999809265137,0.3660010099411011,0.35199999809265137,0.3521000146865845,0.3521000146865845,1913
2023-09-01 12:15:00,0.3521000146865845,0.3521000146865845,0.3521000146865845,0.3521000146865845,0.3521000146865845,349
2023-09-01 12:30:00,0.35600000619888306,0.35600000619888306,0.35199999809265137,0.35199999809265137,0.35199999809265137,1610
2023-09-01 12:45:00,0.35600000619888306,0.35600000619888306,0.35199999809265137,0.35199999809265137,0.35199999809265137,855
2023-09-01 13:00:00,0.3659999966621399,0.3659999966621399,0.3659999966621399,0.3659999966621399,0.3659999966621399,426
2023-09-01 13:45:00,0.35199999809265137,0.35199999809265137,0.35199999809265137,0.35199999809265137,0.35199999809265137,955
2023-09-01 14:00:00,0.35850000381469727,0.36489999294281006,0.35850000381469727,0.36489999294281006,0.36489999294281006,380
2023-09-01 14:15:00,0.35199999809265137,0.35199999809265137,0.35199999809265137,0.35199999809265137,0.35199999809265137,982
2023-09-01 14:30:00,0.35199999809265137,0.3552500009536743,0.35190001130104065,0.35190001130104065,0.35190001130104065,1358
2023-09-01 14:45:00,0.35190001130104065,0.35190001130104065,0.35190001130104065,0.35190001130104065,0.35190001130104065,638
2023-09-01 15:00:00,0.36594998836517334,0.36594998836517334,0.35199999809265137,0.35199999809265137,0.35199999809265137,920
2023-09-01 15:15:00,0.3553999960422516,0.3553999960422516,0.35100001096725464,0.35100001096725464,0.35100001096725464,2554
2023-09-01 15:30:00,0.35100001096725464,0.35100001096725464,0.3499999940395355,0.3499999940395355,0.3499999940395355,1476
2023-09-01 15:45:00,0.3499999940395355,0.3659999966621399,0.3499999940395355,0.35100001096725464,0.35100001096725464,6688
2023-09-05 09:30:00,0.3799999952316284,0.3799999952316284,0.3499999940395355,0.35010001063346863,0.35010001063346863,2916
2023-09-05 09:45:00,0.3499999940395355,0.3499999940395355,0.3499999940395355,0.3499999940395355,0.3499999940395355,408
2023-09-05 10:00:00,0.35109999775886536,0.35109999775886536,0.3499999940395355,0.3499999940395355,0.3499999940395355,900
2023-09-05 10:15:00,0.3499999940395355,0.3499999940395355,0.3499999940395355,0.3499999940395355,0.3499999940395355,947
2023-09-05 10:30:00,0.3499999940395355,0.3627510070800781,0.3400000035762787,0.3400000035762787,0.3400000035762787,5904
2023-09-05 10:45:00,0.3400000035762787,0.3400000035762787,0.3400000035762787,0.3400000035762787,0.3400000035762787,1630
2023-09-05 11:00:00,0.3400000035762787,0.3400000035762787,0.3400000035762787,0.3400000035762787,0.3400000035762787,703
2023-09-05 11:15:00,0.3479999899864197,0.3569999933242798,0.3400000035762787,0.3400000035762787,0.3400000035762787,1373
2023-09-05 11:30:00,0.3400000035762787,0.3569999933242798,0.3400000035762787,0.3409999907016754,0.3409999907016754,4804
2023-09-05 11:45:00,0.3400000035762787,0.3400000035762787,0.3395000100135803,0.3395000100135803,0.3395000100135803,770
2023-09-05 12:00:00,0.3303999900817871,0.3303999900817871,0.3303000032901764,0.3303000032901764,0.3303000032901764,1323
2023-09-05 12:15:00,0.33399999141693115,0.3456999957561493,0.3310000002384186,0.335999995470047,0.335999995470047,2952
2023-09-05 12:30:00,0.3400000035762787,0.3610000014305115,0.3303000032901764,0.3303000032901764,0.3303000032901764,9727
2023-09-05 12:45:00,0.3303000032901764,0.3610000014305115,0.33000001311302185,0.33000001311302185,0.33000001311302185,5700
2023-09-05 13:00:00,0.34299999475479126,0.3799000084400177,0.3409999907016754,0.3700000047683716,0.3700000047683716,4105
2023-09-05 13:15:00,0.3610000014305115,0.3610000014305115,0.3310000002384186,0.3310000002384186,0.3310000002384186,2502
2023-09-05 13:45:00,0.3310000002384186,0.3310000002384186,0.3310000002384186,0.3310000002384186,0.3310000002384186,598
2023-09-05 14:00:00,0.3474999964237213,0.3700000047683716,0.34700000286102295,0.34700000286102295,0.34700000286102295,1036
2023-09-05 14:15:00,0.34700000286102295,0.34700000286102295,0.34700000286102295,0.34700000286102295,0.34700000286102295,409
2023-09-05 14:30:00,0.3310000002384186,0.3319000005722046,0.3310000002384186,0.3310000002384186,0.3310000002384186,1081
2023-09-05 14:45:00,0.3310000002384186,0.3310000002384186,0.3305000066757202,0.3305000066757202,0.3305000066757202,1210
2023-09-05 15:00:00,0.3400000035762787,0.3400000035762787,0.3400000035762787,0.3400000035762787,0.3400000035762787,515
2023-09-05 15:30:00,0.35929998755455017,0.35929998755455017,0.3305000066757202,0.3305000066757202,0.3305000066757202,2344
2023-09-05 15:45:00,0.3305000066757202,0.3630000054836273,0.3305000066757202,0.3305000066757202,0.3305000066757202,969
2023-09-06 09:30:00,0.33000001311302185,0.3310000002384186,0.33000001311302185,0.33000001311302185,0.33000001311302185,3715
2023-09-06 09:45:00,0.33000001311302185,0.3499999940395355,0.33000001311302185,0.33000001311302185,0.33000001311302185,2007
2023-09-06 10:00:00,0.33000001311302185,0.3465000092983246,0.31119999289512634,0.31200000643730164,0.31200000643730164,10376
2023-09-06 10:15:00,0.32760000228881836,0.34689998626708984,0.32760000228881836,0.3400000035762787,0.3400000035762787,4400
2023-09-06 10:30:00,0.328000009059906,0.34439998865127563,0.32760000228881836,0.34439998865127563,0.34439998865127563,1109
2023-09-06 10:45:00,0.328000009059906,0.328000009059906,0.32760000228881836,0.32760000228881836,0.32760000228881836,816
2023-09-06 11:00:00,0.32760000228881836,0.32760000228881836,0.32760000228881836,0.32760000228881836,0.32760000228881836,610
2023-09-06 11:15:00,0.32760000228881836,0.34389999508857727,0.32760000228881836,0.328000009059906,0.328000009059906,5382
2023-09-06 11:30:00,0.3439989984035492,0.3439989984035492,0.3278000056743622,0.3278000056743622,0.3278000056743622,828
2023-09-06 11:45:00,0.3278000056743622,0.3278000056743622,0.3278000056743622,0.3278000056743622,0.3278000056743622,911
2023-09-06 12:00:00,0.3100000023841858,0.3100000023841858,0.3100000023841858,0.3100000023841858,0.3100000023841858,300
2023-09-06 12:15:00,0.3319999873638153,0.3440000116825104,0.30059999227523804,0.30489999055862427,0.30489999055862427,22990
2023-09-06 12:30:00,0.32010000944137573,0.32010000944137573,0.32010000944137573,0.32010000944137573,0.32010000944137573,707
2023-09-06 12:45:00,0.32010000944137573,0.34369999170303345,0.3109999895095825,0.3109999895095825,0.3109999895095825,1658
2023-09-06 13:00:00,0.3154999911785126,0.3154999911785126,0.3109999895095825,0.3109999895095825,0.3109999895095825,3030
2023-09-06 13:15:00,0.3109999895095825,0.3199000060558319,0.3109999895095825,0.3109999895095825,0.3109999895095825,906
2023-09-06 13:30:00,0.3197999894618988,0.3199000060558319,0.3109999895095825,0.31540000438690186,0.31540000438690186,4267
2023-09-06 13:45:00,0.3131999969482422,0.3131999969482422,0.3131999969482422,0.3131999969482422,0.3131999969482422,413
2023-09-06 14:00:00,0.3131999969482422,0.31540000438690186,0.3111000061035156,0.3111000061035156,0.3111000061035156,608
2023-09-06 14:15:00,0.3111000061035156,0.3199999928474426,0.3111000061035156,0.3111000061035156,0.3111000061035156,2216
2023-09-06 14:30:00,0.3111000061035156,0.3111000061035156,0.3111000061035156,0.3111000061035156,0.3111000061035156,412
2023-09-06 14:45:00,0.3111000061035156,0.3111000061035156,0.3111000061035156,0.3111000061035156,0.3111000061035156,516
2023-09-06 15:00:00,0.3111000061035156,0.3111000061035156,0.3111000061035156,0.3111000061035156,0.3111000061035156,453
2023-09-06 15:15:00,0.3111000061035156,0.32010000944137573,0.3111000061035156,0.31209999322891235,0.31209999322891235,73086
2023-09-06 15:30:00,0.31220000982284546,0.32009899616241455,0.3109999895095825,0.3111000061035156,0.3111000061035156,2306
2023-09-06 15:45:00,0.3111000061035156,0.3197999894618988,0.3111000061035156,0.31119999289512634,0.31119999289512634,1750
2023-09-07 09:30:00,0.33000001311302185,0.33000001311302185,0.30140000581741333,0.30300000309944153,0.30300000309944153,7309
2023-09-07 09:45:00,0.3181000053882599,0.3181000053882599,0.30059999227523804,0.30059999227523804,0.30059999227523804,15363
2023-09-07 10:00:00,0.3252989947795868,0.3252989947795868,0.30059999227523804,0.30059999227523804,0.30059999227523804,3703
2023-09-07 10:15:00,0.3021009862422943,0.30320000648498535,0.3010999858379364,0.3010999858379364,0.3010999858379364,5818
2023-09-07 10:30:00,0.30149999260902405,0.30149999260902405,0.30059999227523804,0.30059999227523804,0.30059999227523804,1040
2023-09-07 10:45:00,0.3009999990463257,0.3009999990463257,0.3009999990463257,0.3009999990463257,0.3009999990463257,189
2023-09-07 11:00:00,0.325300008058548,0.3255000114440918,0.3009999990463257,0.3009999990463257,0.3009999990463257,1168
2023-09-07 11:15:00,0.30059999227523804,0.3009999990463257,0.30059999227523804,0.30059999227523804,0.30059999227523804,1934
2023-09-07 11:30:00,0.30059999227523804,0.30059999227523804,0.30059999227523804,0.30059999227523804,0.30059999227523804,2078
2023-09-07 11:45:00,0.30059999227523804,0.3192000091075897,0.15600000321865082,0.30000001192092896,0.30000001192092896,51632
2023-09-07 12:30:00,0.3000999987125397,0.3000999987125397,0.30000001192092896,0.30000001192092896,0.30000001192092896,13574
2023-09-07 12:45:00,0.32499998807907104,0.32499998807907104,0.32499998807907104,0.32499998807907104,0.32499998807907104,5020
2023-09-07 13:15:00,0.30000001192092896,0.30000001192092896,0.30000001192092896,0.30000001192092896,0.30000001192092896,920
2023-09-07 13:30:00,0.3100000023841858,0.3100000023841858,0.3100000023841858,0.3100000023841858,0.3100000023841858,144
2023-09-07 13:45:00,0.3199999928474426,0.3199999928474426,0.3199999928474426,0.3199999928474426,0.3199999928474426,443
2023-09-07 14:00:00,0.30000001192092896,0.3000999987125397,0.30000001192092896,0.3000999987125397,0.3000999987125397,1719
2023-09-07 14:15:00,0.30000001192092896,0.3149999976158142,0.27250000834465027,0.29750001430511475,0.29750001430511475,12398
2023-09-07 14:30:00,0.3124000132083893,0.3124000132083893,0.3122999966144562,0.3122999966144562,0.3122999966144562,1468
2023-09-07 14:45:00,0.27000001072883606,0.28529998660087585,0.27000001072883606,0.27889999747276306,0.27889999747276306,4350
2023-09-07 15:00:00,0.27900001406669617,0.27900001406669617,0.2752000093460083,0.27900001406669617,0.27900001406669617,1602
2023-09-07 15:15:00,0.26269999146461487,0.29989901185035706,0.26269999146461487,0.29989901185035706,0.29989901185035706,1541
2023-09-07 15:30:00,0.30000001192092896,0.30000001192092896,0.2750000059604645,0.2750000059604645,0.2750000059604645,3213
2023-09-07 15:45:00,0.2750000059604645,0.2750000059604645,0.2750000059604645,0.2750000059604645,0.2750000059604645,528
2023-09-08 09:30:00,0.2800000011920929,0.29989999532699585,0.2709999978542328,0.2709999978542328,0.2709999978542328,15427
2023-09-08 09:45:00,0.2709999978542328,0.2709999978542328,0.27000001072883606,0.2700999975204468,0.2700999975204468,993
2023-09-08 10:00:00,0.27000001072883606,0.27000001072883606,0.2603999972343445,0.2603999972343445,0.2603999972343445,1078
2023-09-08 10:15:00,0.2603999972343445,0.2750000059604645,0.2603999972343445,0.26100000739097595,0.26100000739097595,3475
2023-09-08 10:30:00,0.2612000107765198,0.2612000107765198,0.2549999952316284,0.2551000118255615,0.2551000118255615,8210
2023-09-08 10:45:00,0.25999999046325684,0.26930001378059387,0.25999999046325684,0.2653000056743622,0.2653000056743622,3883
2023-09-08 11:00:00,0.2786000072956085,0.29249998927116394,0.26910001039505005,0.29249998927116394,0.29249998927116394,9680
2023-09-08 11:15:00,0.29260000586509705,0.29260000586509705,0.2651999890804291,0.2651999890804291,0.2651999890804291,1576
2023-09-08 11:30:00,0.26100000739097595,0.27709999680519104,0.25999999046325684,0.273499995470047,0.273499995470047,5327
2023-09-08 11:45:00,0.27000001072883606,0.27000001072883606,0.27000001072883606,0.27000001072883606,0.27000001072883606,1800
2023-09-08 12:00:00,0.289900004863739,0.289900004863739,0.289900004863739,0.289900004863739,0.289900004863739,505
2023-09-08 12:15:00,0.27000001072883606,0.2800000011920929,0.27000001072883606,0.2800000011920929,0.2800000011920929,1972
2023-09-08 12:30:00,0.2700999975204468,0.2700999975204468,0.27000001072883606,0.27000001072883606,0.27000001072883606,1421
2023-09-08 12:45:00,0.27504900097846985,0.2800000011920929,0.27000001072883606,0.27000001072883606,0.27000001072883606,3457
2023-09-08 13:00:00,0.2700999975204468,0.28185001015663147,0.2676999866962433,0.2676999866962433,0.2676999866962433,26849
2023-09-08 13:30:00,0.2802000045776367,0.28040000796318054,0.2800999879837036,0.28040000796318054,0.28040000796318054,1102
2023-09-08 14:00:00,0.2809000015258789,0.2809000015258789,0.2720000147819519,0.2720000147819519,0.2720000147819519,1244
2023-09-08 14:15:00,0.27000001072883606,0.27000001072883606,0.27000001072883606,0.27000001072883606,0.27000001072883606,1203
2023-09-08 14:30:00,0.2800000011920929,0.2800000011920929,0.27000001072883606,0.27250000834465027,0.27250000834465027,2988
2023-09-08 14:45:00,0.27000001072883606,0.27000001072883606,0.27000001072883606,0.27000001072883606,0.27000001072883606,4022
2023-09-08 15:00:00,0.27000001072883606,0.27000001072883606,0.27000001072883606,0.27000001072883606,0.27000001072883606,700
2023-09-08 15:15:00,0.2700999975204468,0.2718529999256134,0.27000001072883606,0.2703999876976013,0.2703999876976013,4610
2023-09-08 15:30:00,0.27000001072883606,0.28999999165534973,0.27000001072883606,0.2793999910354614,0.2793999910354614,5739
2023-09-08 15:45:00,0.2793999910354614,0.2793999910354614,0.27000001072883606,0.27000001072883606,0.27000001072883606,9863
2023-09-11 09:30:00,0.2800000011920929,0.30000001192092896,0.27000001072883606,0.29919999837875366,0.29919999837875366,16615
2023-09-11 09:45:00,0.29249998927116394,0.29249998927116394,0.2849999964237213,0.2849999964237213,0.2849999964237213,1735
2023-09-11 10:00:00,0.2849999964237213,0.2849999964237213,0.2849999964237213,0.2849999964237213,0.2849999964237213,637
2023-09-11 10:15:00,0.2849999964237213,0.30000001192092896,0.2849999964237213,0.29249998927116394,0.29249998927116394,2529
2023-09-11 10:30:00,0.28690001368522644,0.28999999165534973,0.2849999964237213,0.28999999165534973,0.28999999165534973,2263
2023-09-11 11:00:00,0.2851000130176544,0.29249998927116394,0.2849999964237213,0.2849999964237213,0.2849999964237213,2407
2023-09-11 11:15:00,0.2851000130176544,0.299699991941452,0.2849999964237213,0.29249900579452515,0.29249900579452515,1334
2023-09-11 11:30:00,0.2849999964237213,0.2849999964237213,0.2709999978542328,0.2709999978542328,0.2709999978542328,2220
2023-09-11 11:45:00,0.27799999713897705,0.29010000824928284,0.2759999930858612,0.28999999165534973,0.28999999165534973,3195
2023-09-11 12:00:00,0.27000001072883606,0.30000001192092896,0.26100000739097595,0.30000001192092896,0.30000001192092896,15473
2023-09-11 12:15:00,0.2840000092983246,0.2840000092983246,0.2709999978542328,0.2770000100135803,0.2770000100135803,1847
2023-09-11 12:30:00,0.2709999978542328,0.2759999930858612,0.2709999978542328,0.2759999930858612,0.2759999930858612,1635
2023-09-11 12:45:00,0.2840000092983246,0.28999999165534973,0.2709999978542328,0.2709999978542328,0.2709999978542328,2051
2023-09-11 13:00:00,0.2809999883174896,0.28450000286102295,0.2809999883174896,0.28450000286102295,0.28450000286102295,500
2023-09-11 13:30:00,0.2874999940395355,0.2874999940395355,0.28450000286102295,0.28450000286102295,0.28450000286102295,1664
2023-09-11 13:45:00,0.2925499975681305,0.3100000023841858,0.29010000824928284,0.29010000824928284,0.29010000824928284,11737
2023-09-11 14:15:00,0.2709999978542328,0.2720000147819519,0.2709999978542328,0.2709999978542328,0.2709999978542328,1036
2023-09-11 14:30:00,0.2904999852180481,0.2904999852180481,0.2709999978542328,0.2720000147819519,0.2720000147819519,2477
2023-09-11 14:45:00,0.2720000147819519,0.27799999713897705,0.2709999978542328,0.27799999713897705,0.27799999713897705,1236
2023-09-11 15:15:00,0.2800000011920929,0.2840000092983246,0.2800000011920929,0.2800010144710541,0.2800010144710541,1864
2023-09-11 15:30:00,0.2800000011920929,0.2800000011920929,0.2709999978542328,0.2770000100135803,0.2770000100135803,2049
2023-09-11 15:45:00,0.2800000011920929,0.2849999964237213,0.2800000011920929,0.2800999879837036,0.2800999879837036,76568
2023-09-12 09:30:00,0.3100000023841858,0.3199999928474426,0.2870999872684479,0.29510000348091125,0.29510000348091125,207872
2023-09-12 09:45:00,0.28999999165534973,0.2990500032901764,0.2818000018596649,0.28189998865127563,0.28189998865127563,10720
2023-09-12 10:00:00,0.2818000018596649,0.28200000524520874,0.2800000011920929,0.2800000011920929,0.2800000011920929,2647
2023-09-12 10:15:00,0.2839620113372803,0.28450000286102295,0.2800000011920929,0.28450000286102295,0.28450000286102295,1569
2023-09-12 10:30:00,0.2770000100135803,0.2770000100135803,0.27000001072883606,0.27000001072883606,0.27000001072883606,7740
2023-09-12 10:45:00,0.2750000059604645,0.29635098576545715,0.2628999948501587,0.2833000123500824,0.2833000123500824,3724
2023-09-12 11:00:00,0.27799999713897705,0.27799999713897705,0.2669999897480011,0.2669999897480011,0.2669999897480011,1045
2023-09-12 11:15:00,0.27300000190734863,0.29190000891685486,0.2630000114440918,0.2630000114440918,0.2630000114440918,826
2023-09-12 11:30:00,0.2630000114440918,0.2630000114440918,0.26109999418258667,0.2630000114440918,0.2630000114440918,2805
2023-09-12 11:45:00,0.2750000059604645,0.2761000096797943,0.2750000059604645,0.2761000096797943,0.2761000096797943,528
2023-09-12 12:00:00,0.2800000011920929,0.2800000011920929,0.26600000262260437,0.26600000262260437,0.26600000262260437,2536
2023-09-12 12:15:00,0.2775000035762787,0.289000004529953,0.26499998569488525,0.2775000035762787,0.2775000035762787,4933
2023-09-12 12:30:00,0.27125000953674316,0.27709999680519104,0.26510000228881836,0.27709999680519104,0.27709999680519104,2545
2023-09-12 12:45:00,0.27104899287223816,0.27709999680519104,0.27104899287223816,0.27709999680519104,0.27709999680519104,220
2023-09-12 13:00:00,0.265500009059906,0.27709901332855225,0.265500009059906,0.27709901332855225,0.27709901332855225,9561
2023-09-12 13:15:00,0.27129998803138733,0.27709999680519104,0.27129998803138733,0.27129998803138733,0.27129998803138733,2681
2023-09-12 13:45:00,0.2849000096321106,0.2849999964237213,0.2777000069618225,0.2777499854564667,0.2777499854564667,2248
2023-09-12 14:15:00,0.27399998903274536,0.2750000059604645,0.27274999022483826,0.27274999022483826,0.27274999022483826,638
2023-09-12 14:30:00,0.2705000042915344,0.2727000117301941,0.265500009059906,0.26600000262260437,0.26600000262260437,1296
2023-09-12 14:45:00,0.26499998569488525,0.26499998569488525,0.26499998569488525,0.26499998569488525,0.26499998569488525,575
2023-09-12 15:00:00,0.2660999894142151,0.27300000190734863,0.26600000262260437,0.2669999897480011,0.2669999897480011,5981
2023-09-12 15:15:00,0.2660999894142151,0.2730500102043152,0.2660999894142151,0.2730500102043152,0.2730500102043152,1222
2023-09-12 15:30:00,0.2660999894142151,0.27250000834465027,0.26499998569488525,0.26499998569488525,0.26499998569488525,1512
2023-09-12 15:45:00,0.2800000011920929,0.2800000011920929,0.26499998569488525,0.27000001072883606,0.27000001072883606,5433
2023-09-13 09:30:00,0.26249998807907104,0.2712000012397766,0.25600001215934753,0.27000001072883606,0.27000001072883606,4528
2023-09-13 09:45:00,0.25999999046325684,0.2705000042915344,0.25999999046325684,0.2705000042915344,0.2705000042915344,800
2023-09-13 10:00:00,0.260699987411499,0.26104000210762024,0.25999999046325684,0.2605000138282776,0.2605000138282776,1807
2023-09-13 10:15:00,0.26030001044273376,0.2606000006198883,0.26030001044273376,0.2606000006198883,0.2606000006198883,401
2023-09-13 10:30:00,0.26159998774528503,0.26159998774528503,0.26159998774528503,0.26159998774528503,0.26159998774528503,101
2023-09-13 10:45:00,0.26109999418258667,0.26159998774528503,0.2549999952316284,0.2549999952316284,0.2549999952316284,8850
2023-09-13 11:00:00,0.2515999972820282,0.2535000145435333,0.24300000071525574,0.24719999730587006,0.24719999730587006,48667
2023-09-13 11:15:00,0.24709999561309814,0.2497439980506897,0.24500000476837158,0.24510100483894348,0.24510100483894348,5100
2023-09-13 11:30:00,0.24560000002384186,0.24560000002384186,0.24500000476837158,0.2451000064611435,0.2451000064611435,5200
2023-09-13 11:45:00,0.24500000476837158,0.2451000064611435,0.24500000476837158,0.24504999816417694,0.24504999816417694,1336
2023-09-13 12:00:00,0.2451000064611435,0.2451000064611435,0.24504999816417694,0.2451000064611435,0.2451000064611435,77522
2023-09-13 12:15:00,0.24504999816417694,0.2451000064611435,0.24504999816417694,0.2451000064611435,0.2451000064611435,4262
2023-09-13 12:30:00,0.24504999816417694,0.25,0.24500000476837158,0.2451000064611435,0.2451000064611435,7806
2023-09-13 13:00:00,0.24539999663829803,0.2518500089645386,0.24535000324249268,0.25029999017715454,0.25029999017715454,14867
2023-09-13 13:15:00,0.2502000033855438,0.26260000467300415,0.2502000033855438,0.26259899139404297,0.26259899139404297,4725
2023-09-13 13:30:00,0.26190000772476196,0.26249998807907104,0.2551000118255615,0.25600001215934753,0.25600001215934753,10737
2023-09-13 13:45:00,0.25519999861717224,0.25804001092910767,0.2551000118255615,0.2563000023365021,0.2563000023365021,4931
2023-09-13 14:00:00,0.25519999861717224,0.25519999861717224,0.25519999861717224,0.25519999861717224,0.25519999861717224,274
2023-09-13 14:30:00,0.2551000118255615,0.2551000118255615,0.2551000118255615,0.2551000118255615,0.2551000118255615,1098
2023-09-13 14:45:00,0.25519999861717224,0.25519999861717224,0.2551499903202057,0.25519999861717224,0.25519999861717224,655
2023-09-13 15:00:00,0.2551000118255615,0.2551000118255615,0.2551000118255615,0.2551000118255615,0.2551000118255615,423
2023-09-13 15:30:00,0.2551000118255615,0.2563000023365021,0.2551000118255615,0.25519999861717224,0.25519999861717224,8201
2023-09-13 15:45:00,0.2590000033378601,0.26899999380111694,0.2574999928474426,0.26010000705718994,0.26010000705718994,5061
2023-09-14 09:30:00,0.26899999380111694,0.26899999380111694,0.2460000067949295,0.26010000705718994,0.26010000705718994,6576
2023-09-14 09:45:00,0.26249998807907104,0.26499998569488525,0.25999999046325684,0.26499998569488525,0.26499998569488525,3962
2023-09-14 10:00:00,0.26010000705718994,0.26010000705718994,0.25999999046325684,0.26010000705718994,0.26010000705718994,1285
2023-09-14 10:15:00,0.26010000705718994,0.26089900732040405,0.26010000705718994,0.26089900732040405,0.26089900732040405,980
2023-09-14 10:30:00,0.26019999384880066,0.26019999384880066,0.26010000705718994,0.26010000705718994,0.26010000705718994,2344
2023-09-14 11:00:00,0.26010000705718994,0.2612999975681305,0.26010000705718994,0.2612999975681305,0.2612999975681305,1202
2023-09-14 11:15:00,0.2630000114440918,0.2630000114440918,0.2615000009536743,0.2630000114440918,0.2630000114440918,2101
2023-09-14 11:30:00,0.2630000114440918,0.26499998569488525,0.2630000114440918,0.2630000114440918,0.2630000114440918,2465
2023-09-14 12:00:00,0.2630999982357025,0.2630999982357025,0.2630999982357025,0.2630999982357025,0.2630999982357025,1060
2023-09-14 12:15:00,0.2680499851703644,0.2709999978542328,0.2680499851703644,0.27000001072883606,0.27000001072883606,2201
2023-09-14 12:30:00,0.2700999975204468,0.2700999975204468,0.27000001072883606,0.27000001072883606,0.27000001072883606,5515
2023-09-14 12:45:00,0.2700999975204468,0.2709999978542328,0.27000001072883606,0.27090001106262207,0.27090001106262207,1373
2023-09-14 13:00:00,0.2709999978542328,0.2748990058898926,0.27000001072883606,0.2748990058898926,0.2748990058898926,1541
2023-09-14 13:15:00,0.27000001072883606,0.27000001072883606,0.27000001072883606,0.27000001072883606,0.27000001072883606,1127
2023-09-14 14:00:00,0.27000001072883606,0.2749989926815033,0.27000001072883606,0.27000001072883606,0.27000001072883606,3938
2023-09-14 14:30:00,0.2700999975204468,0.2700999975204468,0.27000001072883606,0.27000001072883606,0.27000001072883606,1599
2023-09-14 14:45:00,0.27000001072883606,0.27000001072883606,0.27000001072883606,0.27000001072883606,0.27000001072883606,667
2023-09-14 15:00:00,0.2750000059604645,0.2750000059604645,0.27000001072883606,0.27000001072883606,0.27000001072883606,7049
2023-09-14 15:15:00,0.27000001072883606,0.27399998903274536,0.27000001072883606,0.27399998903274536,0.27399998903274536,883
2023-09-14 15:30:00,0.2709999978542328,0.2709999978542328,0.27000001072883606,0.27000001072883606,0.27000001072883606,24788
2023-09-14 15:45:00,0.27000001072883606,0.2750000059604645,0.27000001072883606,0.27000001072883606,0.27000001072883606,10412
2023-09-15 09:30:00,0.2831000089645386,0.2994999885559082,0.25999999046325684,0.27000001072883606,0.27000001072883606,5359
2023-09-15 09:45:00,0.279899001121521,0.279899001121521,0.27000001072883606,0.2749499976634979,0.2749499976634979,1190
2023-09-15 10:00:00,0.2709999978542328,0.2709999978542328,0.27000001072883606,0.27000001072883606,0.27000001072883606,663
2023-09-15 10:15:00,0.27000001072883606,0.27000001072883606,0.27000001072883606,0.27000001072883606,0.27000001072883606,1311
2023-09-15 10:30:00,0.2700999975204468,0.2700999975204468,0.27000001072883606,0.27000001072883606,0.27000001072883606,700
2023-09-15 10:45:00,0.27000001072883606,0.27000001072883606,0.25999999046325684,0.25999999046325684,0.25999999046325684,1183
2023-09-15 11:15:00,0.2650499939918518,0.27000001072883606,0.26100000739097595,0.26100000739097595,0.26100000739097595,2353
2023-09-15 11:30:00,0.26010000705718994,0.27570000290870667,0.26010000705718994,0.27570000290870667,0.27570000290870667,7943
2023-09-15 12:00:00,0.27320000529289246,0.27320000529289246,0.24490000307559967,0.2574000060558319,0.2574000060558319,17556
2023-09-15 12:15:00,0.26840001344680786,0.26840001344680786,0.2460000067949295,0.2460000067949295,0.2460000067949295,1252
2023-09-15 12:30:00,0.2628999948501587,0.2628999948501587,0.2628999948501587,0.2628999948501587,0.2628999948501587,1613
2023-09-15 12:45:00,0.2750000059604645,0.2750000059604645,0.24799999594688416,0.24799999594688416,0.24799999594688416,1124
2023-09-15 13:15:00,0.257999986410141,0.257999986410141,0.257999986410141,0.257999986410141,0.257999986410141,1018
2023-09-15 13:45:00,0.257999986410141,0.257999986410141,0.257999986410141,0.257999986410141,0.257999986410141,708
2023-09-15 14:00:00,0.2750000059604645,0.2750000059604645,0.2750000059604645,0.2750000059604645,0.2750000059604645,150
2023-09-15 14:15:00,0.257999986410141,0.257999986410141,0.257999986410141,0.257999986410141,0.257999986410141,726
2023-09-15 14:45:00,0.257999986410141,0.257999986410141,0.25099998712539673,0.25099998712539673,0.25099998712539673,800
2023-09-15 15:00:00,0.25099998712539673,0.25099998712539673,0.25099998712539673,0.25099998712539673,0.25099998712539673,736
2023-09-15 15:15:00,0.26010000705718994,0.26010000705718994,0.25999999046325684,0.26010000705718994,0.26010000705718994,1587
2023-09-15 15:30:00,0.2694999873638153,0.27000001072883606,0.26010000705718994,0.27000001072883606,0.27000001072883606,9370
2023-09-15 15:45:00,0.26100000739097595,0.2922999858856201,0.25999999046325684,0.28999999165534973,0.28999999165534973,21425
2023-09-18 09:30:00,0.2980000078678131,0.30000001192092896,0.27720001339912415,0.2793000042438507,0.2793000042438507,6439
2023-09-18 09:45:00,0.29319998621940613,0.29319998621940613,0.2896000146865845,0.2896000146865845,0.2896000146865845,503
2023-09-18 10:00:00,0.289000004529953,0.31040000915527344,0.289000004529953,0.31040000915527344,0.31040000915527344,920
2023-09-18 10:15:00,0.2930000126361847,0.2930000126361847,0.2930000126361847,0.2930000126361847,0.2930000126361847,500
2023-09-18 10:30:00,0.2800000011920929,0.2800000011920929,0.2800000011920929,0.2800000011920929,0.2800000011920929,610
2023-09-18 10:45:00,0.2809999883174896,0.2809999883174896,0.2800000011920929,0.2800000011920929,0.2800000011920929,1712
2023-09-18 11:00:00,0.2809999883174896,0.2809999883174896,0.2800000011920929,0.2809999883174896,0.2809999883174896,922
2023-09-18 11:15:00,0.30859899520874023,0.30859899520874023,0.2809999883174896,0.2809999883174896,0.2809999883174896,1200
2023-09-18 11:30:00,0.28999999165534973,0.28999999165534973,0.28999999165534973,0.28999999165534973,0.28999999165534973,900
2023-09-18 12:00:00,0.29010000824928284,0.29010000824928284,0.28999999165534973,0.28999999165534973,0.28999999165534973,1901
2023-09-18 12:15:00,0.28999999165534973,0.28999999165534973,0.28999999165534973,0.28999999165534973,0.28999999165534973,800
2023-09-18 12:30:00,0.31040000915527344,0.31040000915527344,0.28999999165534973,0.28999999165534973,0.28999999165534973,3309
2023-09-18 12:45:00,0.29010000824928284,0.29010000824928284,0.28999999165534973,0.28999999165534973,0.28999999165534973,2300
2023-09-18 13:00:00,0.28999999165534973,0.28999999165534973,0.28999999165534973,0.28999999165534973,0.28999999165534973,701
2023-09-18 13:30:00,0.2930000126361847,0.2930000126361847,0.2930000126361847,0.2930000126361847,0.2930000126361847,602
2023-09-18 14:00:00,0.28999999165534973,0.28999999165534973,0.28999999165534973,0.28999999165534973,0.28999999165534973,931
2023-09-18 14:30:00,0.28999999165534973,0.28999999165534973,0.28999999165534973,0.28999999165534973,0.28999999165534973,1230
2023-09-18 15:00:00,0.3001999855041504,0.3001999855041504,0.29100000858306885,0.29100000858306885,0.29100000858306885,723
2023-09-18 15:15:00,0.29100000858306885,0.29919999837875366,0.29100000858306885,0.29919999837875366,0.29919999837875366,612
2023-09-18 15:30:00,0.28999999165534973,0.28999999165534973,0.28999999165534973,0.28999999165534973,0.28999999165534973,716
2023-09-18 15:45:00,0.28999999165534973,0.299699991941452,0.28999999165534973,0.29100000858306885,0.29100000858306885,906
2023-09-19 09:45:00,0.3019999861717224,0.3190000057220459,0.3019999861717224,0.3190000057220459,0.3190000057220459,1317
2023-09-19 10:00:00,0.28999999165534973,0.28999999165534973,0.2800000011920929,0.2800000011920929,0.2800000011920929,1805
2023-09-19 10:15:00,0.29010000824928284,0.31150001287460327,0.28999999165534973,0.28999999165534973,0.28999999165534973,4035
2023-09-19 10:45:00,0.30000001192092896,0.3100000023841858,0.30000001192092896,0.3000999987125397,0.3000999987125397,4039
2023-09-19 11:00:00,0.30000001192092896,0.30000001192092896,0.2994999885559082,0.29989999532699585,0.29989999532699585,2032
2023-09-19 11:15:00,0.28999999165534973,0.28999999165534973,0.28999999165534973,0.28999999165534973,0.28999999165534973,275
2023-09-19 12:00:00,0.28999999165534973,0.28999999165534973,0.28494998812675476,0.28494998812675476,0.28494998812675476,850
2023-09-19 12:15:00,0.2800000011920929,0.2849999964237213,0.2800000011920929,0.2849999964237213,0.2849999964237213,3155
2023-09-19 12:30:00,0.28999999165534973,0.28999999165534973,0.289900004863739,0.289900004863739,0.289900004863739,353
2023-09-19 12:45:00,0.289900004863739,0.289900004863739,0.28494998812675476,0.289900004863739,0.289900004863739,3999
2023-09-19 14:45:00,0.28494998812675476,0.28494998812675476,0.28494998812675476,0.28494998812675476,0.28494998812675476,671
2023-09-19 15:00:00,0.2897999882698059,0.28999999165534973,0.2840000092983246,0.28999999165534973,0.28999999165534973,8348
2023-09-19 15:15:00,0.2840000092983246,0.2957499921321869,0.2840000092983246,0.2957499921321869,0.2957499921321869,902
2023-09-19 15:30:00,0.29580000042915344,0.29580000042915344,0.29580000042915344,0.29580000042915344,0.29580000042915344,350
2023-09-19 15:45:00,0.2800000011920929,0.31150001287460327,0.2800000011920929,0.2971000075340271,0.2971000075340271,7798
2023-09-20 09:30:00,0.2969990074634552,0.2969990074634552,0.2969990074634552,0.2969990074634552,0.2969990074634552,377
2023-09-20 09:45:00,0.2800999879837036,0.2971000075340271,0.2800999879837036,0.2971000075340271,0.2971000075340271,6624
2023-09-20 10:00:00,0.29510000348091125,0.29510000348091125,0.29409998655319214,0.29409998655319214,0.29409998655319214,4107
2023-09-20 10:15:00,0.29409998655319214,0.29409998655319214,0.28200000524520874,0.2865999937057495,0.2865999937057495,7780
2023-09-20 10:30:00,0.289900004863739,0.28999999165534973,0.28209999203681946,0.2858999967575073,0.2858999967575073,2868
2023-09-20 11:45:00,0.28575000166893005,0.28575000166893005,0.28575000166893005,0.28575000166893005,0.28575000166893005,291
2023-09-20 12:30:00,0.28220099210739136,0.28220099210739136,0.28220099210739136,0.28220099210739136,0.28220099210739136,200
2023-09-20 12:45:00,0.2888999879360199,0.2888999879360199,0.28220099210739136,0.28220099210739136,0.28220099210739136,298
2023-09-20 13:30:00,0.28859999775886536,0.28859999775886536,0.28859999775886536,0.28859999775886536,0.28859999775886536,103
2023-09-20 13:45:00,0.28529998660087585,0.28529998660087585,0.28529998660087585,0.28529998660087585,0.28529998660087585,195
2023-09-20 14:15:00,0.28519999980926514,0.28519999980926514,0.28519999980926514,0.28519999980926514,0.28519999980926514,186
2023-09-20 15:00:00,0.288100004196167,0.3100000023841858,0.2879999876022339,0.30959999561309814,0.30959999561309814,26387
2023-09-20 15:15:00,0.3100000023841858,0.31150001287460327,0.2912999987602234,0.30000001192092896,0.30000001192092896,20533
2023-09-20 15:30:00,0.29989999532699585,0.30000001192092896,0.28999999165534973,0.30000001192092896,0.30000001192092896,5462
2023-09-20 15:45:00,0.29989999532699585,0.3190000057220459,0.29989999532699585,0.29989999532699585,0.29989999532699585,10727
2023-09-21 09:30:00,0.29089999198913574,0.29089999198913574,0.2705000042915344,0.2709999978542328,0.2709999978542328,12712
2023-09-21 09:45:00,0.2709999978542328,0.27619999647140503,0.2705000042915344,0.27250000834465027,0.27250000834465027,15318
2023-09-21 10:00:00,0.2799000144004822,0.28999999165534973,0.2750000059604645,0.28999999165534973,0.28999999165534973,2411
2023-09-21 10:30:00,0.2849999964237213,0.2849999964237213,0.2800000011920929,0.2800000011920929,0.2800000011920929,315
2023-09-21 10:45:00,0.2799000144004822,0.2799000144004822,0.27744999527931213,0.27744999527931213,0.27744999527931213,613
2023-09-21 11:00:00,0.28153499960899353,0.28153499960899353,0.27059999108314514,0.27079999446868896,0.27079999446868896,17127
2023-09-21 11:15:00,0.27079999446868896,0.2709999978542328,0.27079999446868896,0.27079999446868896,0.27079999446868896,1207
2023-09-21 11:45:00,0.2842000126838684,0.2842000126838684,0.2842000126838684,0.2842000126838684,0.2842000126838684,390
2023-09-21 12:45:00,0.2838999927043915,0.2838999927043915,0.2838999927043915,0.2838999927043915,0.2838999927043915,101
2023-09-21 13:15:00,0.28320199251174927,0.28320199251174927,0.28320199251174927,0.28320199251174927,0.28320199251174927,293
2023-09-21 13:30:00,0.2838999927043915,0.2838999927043915,0.2838999927043915,0.2838999927043915,0.2838999927043915,320
2023-09-21 14:00:00,0.2838999927043915,0.2838999927043915,0.2800999879837036,0.2800999879837036,0.2800999879837036,610
2023-09-21 15:00:00,0.2800000011920929,0.2800000011920929,0.2800000011920929,0.2800000011920929,0.2800000011920929,640
2023-09-21 15:15:00,0.2800000011920929,0.2800000011920929,0.27994999289512634,0.2800000011920929,0.2800000011920929,1500
2023-09-21 15:30:00,0.2800000011920929,0.2800000011920929,0.2800000011920929,0.2800000011920929,0.2800000011920929,110
2023-09-21 15:45:00,0.2799000144004822,0.2800000011920929,0.2799000144004822,0.2799000144004822,0.2799000144004822,1122
2023-09-22 09:30:00,0.2759999930858612,0.28349998593330383,0.2759999930858612,0.2759999930858612,0.2759999930858612,16292
2023-09-22 10:00:00,0.2759999930858612,0.2761000096797943,0.2759999930858612,0.2761000096797943,0.2761000096797943,30800
2023-09-22 10:15:00,0.2759999930858612,0.2759999930858612,0.2759999930858612,0.2759999930858612,0.2759999930858612,8662
2023-09-22 10:30:00,0.2761000096797943,0.2761000096797943,0.2761000096797943,0.2761000096797943,0.2761000096797943,280
2023-09-22 10:45:00,0.2761000096797943,0.2761000096797943,0.2759999930858612,0.2759999930858612,0.2759999930858612,801
2023-09-22 11:00:00,0.2759999930858612,0.2759999930858612,0.27549999952316284,0.27549999952316284,0.27549999952316284,13408
2023-09-22 11:15:00,0.2700999975204468,0.2700999975204468,0.26100000739097595,0.26100000739097595,0.26100000739097595,1415
2023-09-22 11:30:00,0.26100000739097595,0.26100000739097595,0.26100000739097595,0.26100000739097595,0.26100000739097595,2310
2023-09-22 11:45:00,0.26100000739097595,0.26100000739097595,0.26100000739097595,0.26100000739097595,0.26100000739097595,1684
2023-09-22 12:00:00,0.26600000262260437,0.33660000562667847,0.2619999945163727,0.2870999872684479,0.2870999872684479,438807
2023-09-22 12:15:00,0.2872999906539917,0.2913999855518341,0.2709999978542328,0.27810001373291016,0.27810001373291016,67733
2023-09-22 12:30:00,0.2784999907016754,0.289000004529953,0.27000001072883606,0.289000004529953,0.289000004529953,48728
2023-09-22 12:45:00,0.2888999879360199,0.289000004529953,0.2761000096797943,0.2849000096321106,0.2849000096321106,11906
2023-09-22 13:00:00,0.2849000096321106,0.2849000096321106,0.2703000009059906,0.2766000032424927,0.2766000032424927,29871
2023-09-22 13:15:00,0.2750999927520752,0.2874000072479248,0.2750999927520752,0.2872999906539917,0.2872999906539917,16900
2023-09-22 13:30:00,0.2872999906539917,0.2872999906539917,0.2703999876976013,0.2703999876976013,0.2703999876976013,12636
2023-09-22 13:45:00,0.27469998598098755,0.27900001406669617,0.2705000042915344,0.2754000127315521,0.2754000127315521,33644
2023-09-22 14:00:00,0.27889999747276306,0.27889999747276306,0.2718000113964081,0.2770000100135803,0.2770000100135803,10969
2023-09-22 14:15:00,0.2770000100135803,0.2770000100135803,0.2718000113964081,0.27649998664855957,0.27649998664855957,19005
2023-09-22 14:30:00,0.272599995136261,0.27639999985694885,0.2703999876976013,0.2718999981880188,0.2718999981880188,15949
2023-09-22 14:45:00,0.2718999981880188,0.2718999981880188,0.26100000739097595,0.2615000009536743,0.2615000009536743,24820
2023-09-22 15:00:00,0.2615000009536743,0.26980000734329224,0.26100000739097595,0.2649500072002411,0.2649500072002411,36449
2023-09-22 15:15:00,0.26750001311302185,0.26980000734329224,0.26080000400543213,0.26739999651908875,0.26739999651908875,29994
2023-09-22 15:30:00,0.26969999074935913,0.26969999074935913,0.26080000400543213,0.26489999890327454,0.26489999890327454,14870
2023-09-22 15:45:00,0.26489999890327454,0.2696000039577484,0.26080000400543213,0.2655999958515167,0.2655999958515167,25437
2023-09-25 09:30:00,2.609999895095825,2.7750000953674316,2.4200000762939453,2.4800000190734863,2.4800000190734863,162269
2023-09-25 09:45:00,2.430000066757202,2.599900007247925,2.359999895095825,2.360100030899048,2.360100030899048,22257
2023-09-25 10:00:00,2.3499999046325684,2.759999990463257,2.2850000858306885,2.759999990463257,2.759999990463257,13145
2023-09-25 10:15:00,2.428100109100342,2.509999990463257,2.4000000953674316,2.484999895095825,2.484999895095825,10790
2023-09-25 10:30:00,2.427999973297119,2.5399999618530273,2.420099973678589,2.48009991645813,2.48009991645813,10700
2023-09-25 10:45:00,2.5218000411987305,2.5299999713897705,2.5218000411987305,2.5299999713897705,2.5299999713897705,3573
2023-09-25 11:00:00,2.565000057220459,2.565000057220459,2.4700000286102295,2.489500045776367,2.489500045776367,2725
2023-09-25 11:15:00,2.480799913406372,2.4862000942230225,2.4749999046325684,2.4749999046325684,2.4749999046325684,3944
2023-09-25 11:30:00,2.463200092315674,2.463200092315674,2.463200092315674,2.463200092315674,2.463200092315674,473
2023-09-25 11:45:00,2.440000057220459,2.440000057220459,2.1700000762939453,2.200000047683716,2.200000047683716,21885
2023-09-25 12:00:00,2.200000047683716,2.200000047683716,2.200000047683716,2.200000047683716,2.200000047683716,350
2023-09-25 12:15:00,2.200000047683716,2.200000047683716,2.200000047683716,2.200000047683716,2.200000047683716,916
2023-09-25 12:30:00,2.2163000106811523,2.2163000106811523,2.2163000106811523,2.2163000106811523,2.2163000106811523,432
2023-09-25 12:45:00,2.2211999893188477,2.2899999618530273,2.2211999893188477,2.2899999618530273,2.2899999618530273,3628
2023-09-25 13:30:00,2.1500000953674316,2.1600000858306885,2.119999885559082,2.140000104904175,2.140000104904175,6594
2023-09-25 13:45:00,2.1600000858306885,2.1651999950408936,2.1164000034332275,2.1600000858306885,2.1600000858306885,895
2023-09-25 14:00:00,2.188999891281128,2.188999891281128,2.110100030899048,2.110100030899048,2.110100030899048,2159
2023-09-25 14:15:00,2.115799903869629,2.1700000762939453,2.115799903869629,2.1700000762939453,2.1700000762939453,5169
2023-09-25 14:30:00,2.174999952316284,2.2200000286102295,2.1600000858306885,2.2200000286102295,2.2200000286102295,8714
2023-09-25 14:45:00,2.2262001037597656,2.2262001037597656,2.2200000286102295,2.2200000286102295,2.2200000286102295,1189
2023-09-25 15:00:00,2.26990008354187,2.26990008354187,2.26990008354187,2.26990008354187,2.26990008354187,1219
2023-09-25 15:15:00,2.2699999809265137,2.2799999713897705,2.259999990463257,2.259999990463257,2.259999990463257,1887
2023-09-25 15:30:00,2.2899999618530273,2.430000066757202,2.2701001167297363,2.4298999309539795,2.4298999309539795,22943
2023-09-25 15:45:00,2.375,2.430000066757202,2.3201000690460205,2.359999895095825,2.359999895095825,3858
2023-09-26 09:30:00,2.299999952316284,2.380000114440918,2.180000066757202,2.180000066757202,2.180000066757202,160050
2023-09-26 09:45:00,2.1700000762939453,2.2300000190734863,2.1700000762939453,2.2100000381469727,2.2100000381469727,5599
2023-09-26 10:00:00,2.2095000743865967,2.2095000743865967,2.190000057220459,2.200000047683716,2.200000047683716,4193
2023-09-26 10:15:00,2.197499990463257,2.3821001052856445,2.197499990463257,2.3821001052856445,2.3821001052856445,8886
2023-09-26 10:30:00,2.299999952316284,2.299999952316284,2.25,2.2760000228881836,2.2760000228881836,990
2023-09-26 10:45:00,2.315000057220459,2.349900007247925,2.2799999713897705,2.349900007247925,2.349900007247925,1808
2023-09-26 11:00:00,2.2899999618530273,2.2899999618530273,2.25,2.259999990463257,2.259999990463257,3278
2023-09-26 11:15:00,2.190000057220459,2.2964999675750732,2.190000057220459,2.2750000953674316,2.2750000953674316,2484
2023-09-26 11:30:00,2.280100107192993,2.2806999683380127,2.180000066757202,2.180000066757202,2.180000066757202,3682
2023-09-26 11:45:00,2.180000066757202,2.180000066757202,2.109999895095825,2.119999885559082,2.119999885559082,13116
2023-09-26 12:00:00,2.130000114440918,2.1600000858306885,2.119999885559082,2.1600000858306885,2.1600000858306885,704
2023-09-26 12:15:00,2.130000114440918,2.130000114440918,2.130000114440918,2.130000114440918,2.130000114440918,908
2023-09-26 12:30:00,2.119999885559082,2.119999885559082,1.840000033378601,1.9500000476837158,1.9500000476837158,14737
2023-09-26 12:45:00,1.940000057220459,2.039900064468384,1.9271999597549438,2.0299999713897705,2.0299999713897705,11234
2023-09-26 13:00:00,2.0350000858306885,2.0350000858306885,2.0350000858306885,2.0350000858306885,2.0350000858306885,217
2023-09-26 13:15:00,2.0100998878479004,2.0699000358581543,2.009999990463257,2.0699000358581543,2.0699000358581543,1242
2023-09-26 13:30:00,2.0399999618530273,2.119999885559082,2.0399999618530273,2.086899995803833,2.086899995803833,5546
2023-09-26 13:45:00,2.1298999786376953,2.164799928665161,2.1050000190734863,2.164799928665161,2.164799928665161,5004
2023-09-26 14:00:00,2.2039999961853027,2.204400062561035,2.119999885559082,2.119999885559082,2.119999885559082,11418
2023-09-26 14:15:00,2.119999885559082,2.1649999618530273,2.119999885559082,2.1500000953674316,2.1500000953674316,320
2023-09-26 14:30:00,2.119999885559082,2.1470000743865967,2.069999933242798,2.069999933242798,2.069999933242798,1732
2023-09-26 14:45:00,2.0199999809265137,2.0199999809265137,2.009999990463257,2.009999990463257,2.009999990463257,1434
2023-09-26 15:00:00,2.134999990463257,2.134999990463257,1.9700000286102295,1.9700000286102295,1.9700000286102295,1364
2023-09-26 15:15:00,2.0199999809265137,2.0199999809265137,2.0199999809265137,2.0199999809265137,2.0199999809265137,1076
2023-09-26 15:30:00,2.0,2.0199999809265137,1.9600000381469727,1.9800000190734863,1.9800000190734863,3625
2023-09-26 15:45:00,2.075000047683716,2.1198999881744385,1.9800000190734863,2.0899999141693115,2.0899999141693115,6153
2023-09-27 09:30:00,2.299999952316284,2.640000104904175,2.299999952316284,2.549999952316284,2.549999952316284,1088531
2023-09-27 09:45:00,2.559999942779541,2.6700000762939453,2.4700000286102295,2.4700000286102295,2.4700000286102295,246212
2023-09-27 10:00:00,2.460099935531616,2.539900064468384,2.2000999450683594,2.2200000286102295,2.2200000286102295,207711
2023-09-27 10:15:00,2.2300000190734863,2.3499999046325684,2.2300000190734863,2.2400999069213867,2.2400999069213867,32552
2023-09-27 10:30:00,2.2750000953674316,2.319999933242798,2.2750000953674316,2.319999933242798,2.319999933242798,11208
2023-09-27 10:45:00,2.3299999237060547,2.3320999145507812,2.200000047683716,2.2583000659942627,2.2583000659942627,37085
2023-09-27 11:00:00,2.259999990463257,2.319999933242798,2.25,2.262700080871582,2.262700080871582,10842
2023-09-27 11:15:00,2.2518999576568604,2.309799909591675,2.2518999576568604,2.299999952316284,2.299999952316284,15635
2023-09-27 11:30:00,2.281399965286255,2.299999952316284,2.200000047683716,2.24399995803833,2.24399995803833,33541
2023-09-27 11:45:00,2.260499954223633,2.2887001037597656,2.1312999725341797,2.200000047683716,2.200000047683716,54075
2023-09-27 12:00:00,2.1410000324249268,2.165600061416626,1.899999976158142,1.9000999927520752,1.9000999927520752,73056
2023-09-27 12:15:00,1.9101999998092651,2.119999885559082,1.909999966621399,2.0850000381469727,2.0850000381469727,25797
2023-09-27 12:30:00,2.069999933242798,2.0999999046325684,2.0199999809265137,2.0215001106262207,2.0215001106262207,15387
2023-09-27 12:45:00,2.0299999713897705,2.0299999713897705,2.0,2.002000093460083,2.002000093460083,19407
2023-09-27 13:00:00,2.049999952316284,2.049999952316284,1.9199999570846558,1.9501999616622925,1.9501999616622925,17118
2023-09-27 13:15:00,1.9700000286102295,1.9900000095367432,1.9199999570846558,1.9550000429153442,1.9550000429153442,13567
2023-09-27 13:30:00,1.9300999641418457,1.9300999641418457,1.9300999641418457,1.9300999641418457,1.9300999641418457,247
2023-09-27 14:00:00,2.009999990463257,2.059999942779541,2.009999990463257,2.0299999713897705,2.0299999713897705,7379
2023-09-27 14:15:00,2.0250000953674316,2.0299999713897705,2.0,2.0299999713897705,2.0299999713897705,4504
2023-09-27 14:30:00,1.999899983406067,2.0199999809265137,1.9500000476837158,2.0199999809265137,2.0199999809265137,1352
2023-09-27 14:45:00,2.0062999725341797,2.0399999618530273,1.9876999855041504,2.0000998973846436,2.0000998973846436,6180
2023-09-27 15:00:00,1.9801000356674194,2.190000057220459,1.9801000356674194,2.1500000953674316,2.1500000953674316,22063
2023-09-27 15:15:00,2.110100030899048,2.164299964904785,2.110100030899048,2.1500000953674316,2.1500000953674316,9623
2023-09-27 15:30:00,2.1600000858306885,2.1600000858306885,2.0399999618530273,2.109999895095825,2.109999895095825,15435
2023-09-27 15:45:00,2.130000114440918,2.1500000953674316,2.009999990463257,2.0999999046325684,2.0999999046325684,7288
2023-09-28 09:30:00,1.909999966621399,2.005000114440918,1.899999976158142,1.9700000286102295,1.9700000286102295,32140
2023-09-28 09:45:00,1.9299999475479126,2.0190999507904053,1.850000023841858,1.899999976158142,1.899999976158142,36841
2023-09-28 10:00:00,1.9500999450683594,2.0030999183654785,1.8799999952316284,1.9550000429153442,1.9550000429153442,13807
2023-09-28 10:15:00,1.9600000381469727,1.9700000286102295,1.9299999475479126,1.9458999633789062,1.9458999633789062,10126
2023-09-28 10:30:00,1.9600000381469727,1.9600000381469727,1.7999999523162842,1.811400055885315,1.811400055885315,25324
2023-09-28 10:45:00,1.8600000143051147,1.8738000392913818,1.809999942779541,1.8509999513626099,1.8509999513626099,17803
2023-09-28 11:00:00,1.850000023841858,1.850000023841858,1.850000023841858,1.850000023841858,1.850000023841858,1068
2023-09-28 11:15:00,1.850000023841858,1.8799999952316284,1.850000023841858,1.8700000047683716,1.8700000047683716,14676
2023-09-28 11:30:00,1.8700000047683716,1.9500000476837158,1.8700000047683716,1.9299999475479126,1.9299999475479126,25542
2023-09-28 11:45:00,1.8700000047683716,1.9299999475479126,1.8700000047683716,1.9299999475479126,1.9299999475479126,7273
2023-09-28 12:15:00,1.8899999856948853,1.940000057220459,1.8899999856948853,1.940000057220459,1.940000057220459,289
2023-09-28 12:45:00,1.8984999656677246,1.940000057220459,1.8984999656677246,1.940000057220459,1.940000057220459,3782
2023-09-28 13:00:00,1.940000057220459,1.9700000286102295,1.940000057220459,1.9500000476837158,1.9500000476837158,14473
2023-09-28 13:30:00,1.940999984741211,1.9600000381469727,1.8799999952316284,1.934999942779541,1.934999942779541,6026
2023-09-28 13:45:00,1.899999976158142,1.9700000286102295,1.899999976158142,1.9634000062942505,1.9634000062942505,2090
2023-09-28 14:30:00,1.9600000381469727,1.9600000381469727,1.909999966621399,1.909999966621399,1.909999966621399,497
2023-09-28 14:45:00,1.9600000381469727,1.9600000381469727,1.9600000381469727,1.9600000381469727,1.9600000381469727,267
2023-09-28 15:00:00,1.909999966621399,1.9500000476837158,1.8601000308990479,1.9500000476837158,1.9500000476837158,2161
2023-09-28 15:15:00,1.8701000213623047,1.8701000213623047,1.8701000213623047,1.8701000213623047,1.8701000213623047,767
2023-09-28 15:30:00,1.8799999952316284,1.940000057220459,1.8200000524520874,1.8300000429153442,1.8300000429153442,4949
2023-09-28 15:45:00,1.8300000429153442,1.8633999824523926,1.8300000429153442,1.8633999824523926,1.8633999824523926,1304
2023-09-29 09:30:00,1.7899999618530273,1.7899999618530273,1.690000057220459,1.7799999713897705,1.7799999713897705,12085
2023-09-29 09:45:00,1.7899999618530273,1.7899999618530273,1.7799999713897705,1.7799999713897705,1.7799999713897705,876
2023-09-29 10:00:00,1.8099000453948975,1.8099000453948975,1.7800999879837036,1.7884999513626099,1.7884999513626099,6954
2023-09-29 10:15:00,1.7899999618530273,1.8200000524520874,1.7899999618530273,1.8200000524520874,1.8200000524520874,3420
2023-09-29 10:45:00,1.7899999618530273,1.8171000480651855,1.7899999618530273,1.8171000480651855,1.8171000480651855,1213
2023-09-29 11:00:00,1.7922999858856201,1.7922999858856201,1.7922999858856201,1.7922999858856201,1.7922999858856201,1147
2023-09-29 11:15:00,1.7999999523162842,1.809999942779541,1.7899999618530273,1.809999942779541,1.809999942779541,1119
2023-09-29 11:45:00,1.7899999618530273,1.809999942779541,1.7899999618530273,1.7899999618530273,1.7899999618530273,790
2023-09-29 12:15:00,1.8077000379562378,1.8077000379562378,1.8077000379562378,1.8077000379562378,1.8077000379562378,180
2023-09-29 12:30:00,1.8000999689102173,1.8099000453948975,1.8000999689102173,1.805400013923645,1.805400013923645,636
2023-09-29 12:45:00,1.7999999523162842,1.809999942779541,1.7999999523162842,1.7999999523162842,1.7999999523162842,698
2023-09-29 13:15:00,1.8186999559402466,1.8200000524520874,1.8186999559402466,1.8200000524520874,1.8200000524520874,815
2023-09-29 13:30:00,1.809999942779541,1.88919997215271,1.809999942779541,1.8729000091552734,1.8729000091552734,5790
2023-09-29 13:45:00,1.8650000095367432,1.899899959564209,1.8357000350952148,1.8703999519348145,1.8703999519348145,10511
2023-09-29 14:00:00,1.8701000213623047,1.899999976158142,1.8700000047683716,1.899999976158142,1.899999976158142,6702
2023-09-29 14:15:00,1.899999976158142,2.0399999618530273,1.8899999856948853,2.0000998973846436,2.0000998973846436,67141
2023-09-29 14:30:00,2.01990008354187,2.490000009536743,2.009999990463257,2.2200000286102295,2.2200000286102295,142806
2023-09-29 14:45:00,2.2699999809265137,2.2699999809265137,1.9500000476837158,2.0311999320983887,2.0311999320983887,63032
2023-09-29 15:00:00,2.0,2.049999952316284,1.9199999570846558,2.0,2.0,18985
2023-09-29 15:15:00,2.0,2.059999942779541,1.9764000177383423,2.0299999713897705,2.0299999713897705,4221
2023-09-29 15:30:00,2.0302999019622803,2.1098999977111816,2.0302999019622803,2.059999942779541,2.059999942779541,2924
2023-09-29 15:45:00,2.01990008354187,2.01990008354187,1.9600000381469727,2.0,2.0,3735
2023-10-02 09:30:00,2.009999990463257,2.009999990463257,2.009999990463257,2.009999990463257,2.009999990463257,2595
2023-10-02 09:45:00,1.9801000356674194,1.9801000356674194,1.9801000356674194,1.9801000356674194,1.9801000356674194,366
2023-10-02 10:00:00,1.9800000190734863,2.04229998588562,1.9800000190734863,2.018199920654297,2.018199920654297,4195
2023-10-02 10:15:00,2.01990008354187,2.01990008354187,1.9800000190734863,1.9800000190734863,1.9800000190734863,1168
2023-10-02 10:30:00,2.017699956893921,2.017699956893921,2.017699956893921,2.017699956893921,2.017699956893921,136
2023-10-02 10:45:00,2.009999990463257,2.0899999141693115,2.005000114440918,2.005000114440918,2.005000114440918,3684
2023-10-02 11:00:00,2.0399999618530273,2.0399999618530273,2.0399999618530273,2.0399999618530273,2.0399999618530273,210
2023-10-02 11:15:00,2.049999952316284,2.049999952316284,2.049999952316284,2.049999952316284,2.049999952316284,316
2023-10-02 11:30:00,2.049999952316284,2.119999885559082,2.0199999809265137,2.100100040435791,2.100100040435791,11536
2023-10-02 11:45:00,2.059999942779541,2.25,2.059999942779541,2.0999999046325684,2.0999999046325684,10316
2023-10-02 12:00:00,2.050600051879883,2.0999999046325684,2.050600051879883,2.0999999046325684,2.0999999046325684,1921
2023-10-02 12:15:00,2.200000047683716,2.200000047683716,2.069999933242798,2.0840001106262207,2.0840001106262207,4330
2023-10-02 12:30:00,2.1760001182556152,2.1760001182556152,2.0799999237060547,2.1500000953674316,2.1500000953674316,2392
2023-10-02 12:45:00,2.1500000953674316,2.1500000953674316,2.1500000953674316,2.1500000953674316,2.1500000953674316,444
2023-10-02 13:00:00,2.1700000762939453,2.1891000270843506,2.1700000762939453,2.180000066757202,2.180000066757202,2388
2023-10-02 13:15:00,2.1717000007629395,2.1717000007629395,2.1717000007629395,2.1717000007629395,2.1717000007629395,824
2023-10-02 13:30:00,2.1559998989105225,2.1600000858306885,2.059999942779541,2.059999942779541,2.059999942779541,7043
2023-10-02 14:15:00,2.0899999141693115,2.0899999141693115,2.0899999141693115,2.0899999141693115,2.0899999141693115,480
2023-10-02 14:30:00,2.069999933242798,2.069999933242798,2.069999933242798,2.069999933242798,2.069999933242798,1675
2023-10-02 14:45:00,2.0,2.0,2.0,2.0,2.0,208
2023-10-02 15:00:00,2.1096999645233154,2.161799907684326,2.0601000785827637,2.069999933242798,2.069999933242798,2566
2023-10-02 15:15:00,2.1612000465393066,2.1700000762939453,2.047800064086914,2.1700000762939453,2.1700000762939453,3519
2023-10-02 15:45:00,2.1415998935699463,2.1700000762939453,2.0601000785827637,2.135200023651123,2.135200023651123,14493
2023-10-03 09:30:00,2.009999990463257,2.009999990463257,1.9253000020980835,1.9397000074386597,1.9397000074386597,11526
2023-10-03 09:45:00,1.9299999475479126,1.989799976348877,1.9199999570846558,1.989799976348877,1.989799976348877,1532
2023-10-03 10:00:00,1.9299999475479126,2.0999999046325684,1.9299999475479126,2.0999999046325684,2.0999999046325684,22941
2023-10-03 10:15:00,2.1221001148223877,2.222899913787842,2.000999927520752,2.049999952316284,2.049999952316284,18624
2023-10-03 10:30:00,2.0999999046325684,2.0999999046325684,2.0999999046325684,2.0999999046325684,2.0999999046325684,213
2023-10-03 10:45:00,2.0601000785827637,2.2100000381469727,2.059999942779541,2.160099983215332,2.160099983215332,9723
2023-10-03 11:00:00,2.211199998855591,2.211199998855591,2.0799999237060547,2.134500026702881,2.134500026702881,11698
2023-10-03 11:15:00,2.140000104904175,2.199899911880493,2.140000104904175,2.199899911880493,2.199899911880493,7361
2023-10-03 11:45:00,2.1828999519348145,2.190000057220459,2.130000114440918,2.1798999309539795,2.1798999309539795,5061
2023-10-03 12:00:00,2.1549999713897705,2.1549999713897705,2.059999942779541,2.0601000785827637,2.0601000785827637,13405
2023-10-03 12:15:00,2.0799999237060547,2.0982000827789307,2.0799999237060547,2.0899999141693115,2.0899999141693115,757
2023-10-03 12:30:00,2.059999942779541,2.059999942779541,2.0399999618530273,2.0399999618530273,2.0399999618530273,548
2023-10-03 12:45:00,2.009999990463257,2.009999990463257,2.009999990463257,2.009999990463257,2.009999990463257,454
2023-10-03 13:00:00,2.0,2.0,1.9500000476837158,1.9800000190734863,1.9800000190734863,1131
2023-10-03 13:15:00,2.0,2.0199999809265137,2.0,2.0199999809265137,2.0199999809265137,475
2023-10-03 13:45:00,2.0060999393463135,2.0060999393463135,1.9900000095367432,1.9900000095367432,1.9900000095367432,737
2023-10-03 14:15:00,1.9900000095367432,2.001499891281128,1.9900000095367432,2.0,2.0,4142
2023-10-03 14:30:00,2.0,2.0,1.9500000476837158,1.9500000476837158,1.9500000476837158,4977
2023-10-03 14:45:00,1.9199999570846558,1.9199999570846558,1.909999966621399,1.909999966621399,1.909999966621399,409
2023-10-03 15:00:00,1.9199999570846558,1.9299999475479126,1.8601000308990479,1.9299999475479126,1.9299999475479126,8386
2023-10-03 15:30:00,1.9479000568389893,1.9586999416351318,1.940000057220459,1.9500000476837158,1.9500000476837158,1365
2023-10-03 15:45:00,1.9500000476837158,1.9500000476837158,1.8700000047683716,1.8899999856948853,1.8899999856948853,4802102
2023-10-04 09:30:00,3.0799999237060547,3.700000047683716,3.0,3.630000114440918,3.630000114440918,17941875
2023-10-04 09:45:00,3.615000009536743,4.0,3.0,3.009999990463257,3.009999990463257,10155819
2023-10-04 10:00:00,3.001199960708618,3.0799999237060547,2.9000000953674316,2.9983999729156494,2.9983999729156494,3210811
2023-10-04 10:15:00,2.990000009536743,3.0399999618530273,2.7200000286102295,2.759999990463257,2.759999990463257,1980080
2023-10-04 10:30:00,2.755000114440918,2.7799999713897705,2.5799999237060547,2.630000114440918,2.630000114440918,1894410
2023-10-04 10:45:00,2.621999979019165,2.7200000286102295,2.5999999046325684,2.650700092315674,2.650700092315674,555119
2023-10-04 11:00:00,2.7200000286102295,2.759399890899658,2.5899999141693115,2.6500000953674316,2.6500000953674316,811496
2023-10-04 11:15:00,2.6600000858306885,2.7200000286102295,2.609999895095825,2.680000066757202,2.680000066757202,342714
2023-10-04 11:30:00,2.680000066757202,2.859999895095825,2.6700000762939453,2.7100000381469727,2.7100000381469727,1470627
2023-10-04 11:45:00,2.719399929046631,2.7899999618530273,2.700000047683716,2.732599973678589,2.732599973678589,329038
2023-10-04 12:00:00,2.744800090789795,2.759000062942505,2.4600000381469727,2.489500045776367,2.489500045776367,1067187
2023-10-04 12:15:00,2.48009991645813,2.490000009536743,2.369999885559082,2.4398999214172363,2.4398999214172363,749713
2023-10-04 12:30:00,2.440000057220459,2.450000047683716,2.365000009536743,2.4000000953674316,2.4000000953674316,228265
2023-10-04 12:45:00,2.3801000118255615,2.490000009536743,2.3801000118255615,2.4590001106262207,2.4590001106262207,293535
2023-10-04 13:00:00,2.4600000381469727,2.4600000381469727,2.4000000953674316,2.4000000953674316,2.4000000953674316,132843
2023-10-04 13:15:00,2.391900062561035,2.4700000286102295,2.3399999141693115,2.3598999977111816,2.3598999977111816,194778
2023-10-04 13:30:00,2.3499999046325684,2.380000114440918,2.299999952316284,2.359999895095825,2.359999895095825,255741
2023-10-04 13:45:00,2.359999895095825,2.415800094604492,2.3301000595092773,2.390199899673462,2.390199899673462,116963
2023-10-04 14:00:00,2.398900032043457,2.440000057220459,2.3499999046325684,2.4110000133514404,2.4110000133514404,122499
2023-10-04 14:15:00,2.4149999618530273,2.450000047683716,2.4049999713897705,2.440000057220459,2.440000057220459,144392
2023-10-04 14:30:00,2.440000057220459,2.440000057220459,2.319999933242798,2.3480000495910645,2.3480000495910645,172906
2023-10-04 14:45:00,2.3499999046325684,2.390000104904175,2.3201000690460205,2.3499999046325684,2.3499999046325684,96785
2023-10-04 15:00:00,2.3489999771118164,2.3499999046325684,2.200000047683716,2.2399001121520996,2.2399001121520996,337703
2023-10-04 15:15:00,2.240000009536743,2.299999952316284,2.200000047683716,2.2200000286102295,2.2200000286102295,262687
2023-10-04 15:30:00,2.2200000286102295,2.25,2.200000047683716,2.25,2.25,227777
2023-10-04 15:45:00,2.25,2.2899999618530273,2.1600000858306885,2.190000057220459,2.190000057220459,431330
2023-10-05 09:30:00,1.8799999952316284,1.899999976158142,1.7000000476837158,1.7390999794006348,1.7390999794006348,553198
2023-10-05 09:45:00,1.7300000190734863,1.7884999513626099,1.6801999807357788,1.7200000286102295,1.7200000286102295,140570
2023-10-05 10:00:00,1.7200000286102295,1.7599999904632568,1.7100000381469727,1.725000023841858,1.725000023841858,58138
2023-10-05 10:15:00,1.7000000476837158,1.7300000190734863,1.6200000047683716,1.6699999570846558,1.6699999570846558,117134
2023-10-05 10:30:00,1.6735999584197998,1.7200000286102295,1.6100000143051147,1.6409000158309937,1.6409000158309937,107335
2023-10-05 10:45:00,1.659999966621399,1.7200000286102295,1.570099949836731,1.6885000467300415,1.6885000467300415,106861
2023-10-05 11:00:00,1.6899000406265259,1.7100000381469727,1.6399999856948853,1.6401000022888184,1.6401000022888184,74795
2023-10-05 11:15:00,1.649999976158142,1.6899000406265259,1.6299999952316284,1.6299999952316284,1.6299999952316284,18073
2023-10-05 11:30:00,1.6200000047683716,1.6399999856948853,1.5800000429153442,1.62909996509552,1.62909996509552,46681
2023-10-05 11:45:00,1.6100000143051147,1.6484999656677246,1.590000033378601,1.6168999671936035,1.6168999671936035,17768
2023-10-05 12:00:00,1.6291999816894531,1.6309000253677368,1.559999942779541,1.6299999952316284,1.6299999952316284,47492
2023-10-05 12:15:00,1.600000023841858,1.6217999458312988,1.559999942779541,1.559999942779541,1.559999942779541,30334
2023-10-05 12:30:00,1.5800000429153442,1.600000023841858,1.5499999523162842,1.597499966621399,1.597499966621399,35753
2023-10-05 12:45:00,1.5698000192642212,1.590000033378601,1.4800000190734863,1.5285999774932861,1.5285999774932861,131915
2023-10-05 13:00:00,1.5299999713897705,1.5699000358581543,1.5,1.5099999904632568,1.5099999904632568,23949
2023-10-05 13:15:00,1.518399953842163,1.5700000524520874,1.5,1.559999942779541,1.559999942779541,20563
2023-10-05 13:30:00,1.5399999618530273,1.559999942779541,1.510200023651123,1.5499999523162842,1.5499999523162842,10593
2023-10-05 13:45:00,1.52839994430542,1.5699000358581543,1.5149999856948853,1.5149999856948853,1.5149999856948853,46372
2023-10-05 14:00:00,1.5149999856948853,1.524999976158142,1.4500000476837158,1.5089000463485718,1.5089000463485718,50445
2023-10-05 14:15:00,1.5,1.5,1.4500000476837158,1.4799000024795532,1.4799000024795532,24200
2023-10-05 14:30:00,1.4500999450683594,1.4600000381469727,1.4199999570846558,1.4400999546051025,1.4400999546051025,49456
2023-10-05 14:45:00,1.4599000215530396,1.4800000190734863,1.4199999570846558,1.4500000476837158,1.4500000476837158,26937
2023-10-05 15:00:00,1.440000057220459,1.4615000486373901,1.3899999856948853,1.3949999809265137,1.3949999809265137,53690
2023-10-05 15:15:00,1.4062999486923218,1.440000057220459,1.3949999809265137,1.434999942779541,1.434999942779541,54483
2023-10-05 15:30:00,1.440000057220459,1.440000057220459,1.3200000524520874,1.3450000286102295,1.3450000286102295,107260
2023-10-05 15:45:00,1.350000023841858,1.3724000453948975,1.2999999523162842,1.3200000524520874,1.3200000524520874,122912
2023-10-06 09:30:00,1.2000000476837158,1.2000000476837158,1.0199999809265137,1.0785000324249268,1.0785000324249268,278384
2023-10-06 09:45:00,1.062000036239624,1.149999976158142,1.0500999689102173,1.121399998664856,1.121399998664856,147567
2023-10-06 10:00:00,1.1490000486373901,1.180999994277954,1.0499999523162842,1.0800000429153442,1.0800000429153442,117597
2023-10-06 10:15:00,1.0896999835968018,1.149999976158142,1.0896999835968018,1.1330000162124634,1.1330000162124634,26431
2023-10-06 10:30:00,1.100000023841858,1.1269999742507935,1.0199999809265137,1.0227999687194824,1.0227999687194824,42750
2023-10-06 10:45:00,1.0227999687194824,1.059999942779541,1.0099999904632568,1.059999942779541,1.059999942779541,29515
2023-10-06 11:00:00,1.0499999523162842,1.059999942779541,1.0399999618530273,1.0399999618530273,1.0399999618530273,11726
2023-10-06 11:15:00,1.0399999618530273,1.0399999618530273,1.0,1.0,1.0,31632
2023-10-06 11:30:00,1.0099999904632568,1.0299999713897705,1.0,1.0288000106811523,1.0288000106811523,29431
2023-10-06 11:45:00,1.0299999713897705,1.090000033378601,1.0298999547958374,1.0599000453948975,1.0599000453948975,58230
2023-10-06 12:00:00,1.0579999685287476,1.0887999534606934,1.0579999685287476,1.0699000358581543,1.0699000358581543,22159
2023-10-06 12:15:00,1.059999942779541,1.0700000524520874,0.9951000213623047,1.0399999618530273,1.0399999618530273,86410
2023-10-06 12:30:00,1.034999966621399,1.0990999937057495,1.034999966621399,1.0729000568389893,1.0729000568389893,34956
2023-10-06 12:45:00,1.0700000524520874,1.0700000524520874,1.065000057220459,1.0687999725341797,1.0687999725341797,6001
2023-10-06 13:00:00,1.0611000061035156,1.1799999475479126,1.059999942779541,1.179900050163269,1.179900050163269,61798
2023-10-06 13:15:00,1.1799999475479126,1.2714999914169312,1.149999976158142,1.2497999668121338,1.2497999668121338,162710
2023-10-06 13:30:00,1.2355999946594238,1.274999976158142,1.159999966621399,1.2502000331878662,1.2502000331878662,81871
2023-10-06 13:45:00,1.2400000095367432,1.2450000047683716,1.2100000381469727,1.2450000047683716,1.2450000047683716,5890
2023-10-06 14:00:00,1.2400000095367432,1.249899983406067,1.1799999475479126,1.2300000190734863,1.2300000190734863,10629
2023-10-06 14:15:00,1.2300000190734863,1.2300000190734863,1.0099999904632568,1.0327999591827393,1.0327999591827393,129267
2023-10-06 14:30:00,1.0618000030517578,1.1328999996185303,1.0499999523162842,1.100000023841858,1.100000023841858,34004
2023-10-06 14:45:00,1.0923000574111938,1.1398999691009521,1.0901000499725342,1.093999981880188,1.093999981880188,6388
2023-10-06 15:00:00,1.0901000499725342,1.117400050163269,1.0800000429153442,1.100000023841858,1.100000023841858,7075
2023-10-06 15:15:00,1.0985000133514404,1.100000023841858,1.0800000429153442,1.086899995803833,1.086899995803833,9153
2023-10-06 15:30:00,1.100000023841858,1.1342999935150146,1.090000033378601,1.0950000286102295,1.0950000286102295,3808
2023-10-06 15:45:00,1.0950000286102295,1.1200000047683716,1.0199999809265137,1.0305999517440796,1.0305999517440796,68203
2023-10-09 09:30:00,1.1200000047683716,1.159000039100647,1.0801000595092773,1.1299999952316284,1.1299999952316284,672590
2023-10-09 09:45:00,1.1200000047683716,1.1699999570846558,1.1100000143051147,1.1198999881744385,1.1198999881744385,70660
2023-10-09 10:00:00,1.1231000423431396,1.1299999952316284,1.059999942779541,1.1098999977111816,1.1098999977111816,40980
2023-10-09 10:15:00,1.090000033378601,1.0999000072479248,1.0499999523162842,1.0599000453948975,1.0599000453948975,41677
2023-10-09 10:30:00,1.0549999475479126,1.0800000429153442,1.0399999618530273,1.0499999523162842,1.0499999523162842,15720
2023-10-09 10:45:00,1.0720000267028809,1.0800000429153442,1.0499999523162842,1.065000057220459,1.065000057220459,19480
2023-10-09 11:00:00,1.069000005722046,1.070099949836731,1.059999942779541,1.0700000524520874,1.0700000524520874,9217
2023-10-09 11:15:00,1.0700000524520874,1.1124000549316406,1.0700000524520874,1.1124000549316406,1.1124000549316406,2331
2023-10-09 11:30:00,1.0800000429153442,1.1053999662399292,1.0700000524520874,1.0723999738693237,1.0723999738693237,13504
2023-10-09 11:45:00,1.070099949836731,1.070099949836731,1.0399999618530273,1.0571000576019287,1.0571000576019287,14023
2023-10-09 12:00:00,1.0599000453948975,1.0700000524520874,1.0499999523162842,1.0499999523162842,1.0499999523162842,22069
2023-10-09 12:15:00,1.0499999523162842,1.059999942779541,1.0399999618530273,1.0499999523162842,1.0499999523162842,18925
2023-10-09 12:30:00,1.059999942779541,1.059999942779541,1.0199999809265137,1.0399999618530273,1.0399999618530273,38195
2023-10-09 12:45:00,1.0299999713897705,1.0399999618530273,1.0099999904632568,1.0377999544143677,1.0377999544143677,8532
2023-10-09 13:00:00,1.0299999713897705,1.0499999523162842,1.0299999713897705,1.0499999523162842,1.0499999523162842,3509
2023-10-09 13:15:00,1.0499999523162842,1.0499999523162842,1.0099999904632568,1.0199999809265137,1.0199999809265137,31252
2023-10-09 13:30:00,1.0225000381469727,1.0499999523162842,1.0225000381469727,1.0399999618530273,1.0399999618530273,8594
2023-10-09 13:45:00,1.0399999618530273,1.0399999618530273,1.0299999713897705,1.031000018119812,1.031000018119812,2315
2023-10-09 14:00:00,1.0388000011444092,1.0399999618530273,1.0299999713897705,1.0299999713897705,1.0299999713897705,4267
2023-10-09 14:15:00,1.034999966621399,1.0499999523162842,1.0199999809265137,1.0199999809265137,1.0199999809265137,9712
2023-10-09 14:30:00,1.0299999713897705,1.034999966621399,1.0,1.011199951171875,1.011199951171875,40641
2023-10-09 14:45:00,1.0099999904632568,1.0396000146865845,1.0099999904632568,1.0199999809265137,1.0199999809265137,7102
2023-10-09 15:00:00,1.0299999713897705,1.0499999523162842,1.0199999809265137,1.0490000247955322,1.0490000247955322,14663
2023-10-09 15:15:00,1.0384999513626099,1.0399999618530273,1.0115000009536743,1.0299999713897705,1.0299999713897705,5667
2023-10-09 15:30:00,1.0291999578475952,1.0299999713897705,1.0210000276565552,1.0214999914169312,1.0214999914169312,3999
2023-10-09 15:45:00,1.0200999975204468,1.0390000343322754,1.0099999904632568,1.0199999809265137,1.0199999809265137,16662
2023-10-10 09:30:00,0.9399999976158142,0.9599999785423279,0.8999999761581421,0.9598919749259949,0.9598919749259949,113591
2023-10-10 09:45:00,0.9449999928474426,0.9599999785423279,0.9259999990463257,0.949999988079071,0.949999988079071,25209
2023-10-10 10:00:00,0.9458000063896179,0.949999988079071,0.8999999761581421,0.9100000262260437,0.9100000262260437,30935
2023-10-10 10:15:00,0.925000011920929,0.9399999976158142,0.9100000262260437,0.9282000064849854,0.9282000064849854,6236
2023-10-10 10:30:00,0.9399999976158142,0.9409999847412109,0.9226999878883362,0.9226999878883362,0.9226999878883362,1792
2023-10-10 10:45:00,0.9200999736785889,0.9409000277519226,0.9200999736785889,0.9215999841690063,0.9215999841690063,4215
2023-10-10 11:00:00,0.9350000023841858,0.9350000023841858,0.9009000062942505,0.9200000166893005,0.9200000166893005,6941
2023-10-10 11:15:00,0.9200000166893005,0.9200000166893005,0.9010000228881836,0.9200000166893005,0.9200000166893005,2802
2023-10-10 11:30:00,0.9200000166893005,0.925000011920929,0.9020000100135803,0.925000011920929,0.925000011920929,4203
2023-10-10 11:45:00,0.925000011920929,0.925000011920929,0.9021000266075134,0.9199990034103394,0.9199990034103394,1039
2023-10-10 12:00:00,0.9146999716758728,0.9154999852180481,0.9146999716758728,0.9154999852180481,0.9154999852180481,662
2023-10-10 12:15:00,0.9200000166893005,0.925000011920929,0.9020000100135803,0.9084510207176208,0.9084510207176208,4442
2023-10-10 12:30:00,0.9020000100135803,0.9100000262260437,0.9010999798774719,0.9010999798774719,0.9010999798774719,9175
2023-10-10 12:45:00,0.9031999707221985,0.9031999707221985,0.89410001039505,0.8968999981880188,0.8968999981880188,14920
2023-10-10 13:00:00,0.8939999938011169,0.8939999938011169,0.8633000254631042,0.8700000047683716,0.8700000047683716,27280
2023-10-10 13:15:00,0.861100971698761,0.8700000047683716,0.8610000014305115,0.8700000047683716,0.8700000047683716,19034
2023-10-10 13:30:00,0.878000020980835,0.8899999856948853,0.8779990077018738,0.8899000287055969,0.8899000287055969,5409
2023-10-10 13:45:00,0.8899000287055969,0.8899999856948853,0.8800010085105896,0.8849999904632568,0.8849999904632568,5076
2023-10-10 14:00:00,0.8888999819755554,0.9198989868164062,0.8700000047683716,0.8899999856948853,0.8899999856948853,50552
2023-10-10 14:15:00,0.891700029373169,0.9189000129699707,0.891700029373169,0.9057499766349792,0.9057499766349792,3300
2023-10-10 14:30:00,0.919700026512146,0.919700026512146,0.897599995136261,0.919700026512146,0.919700026512146,12112
2023-10-10 14:45:00,0.919700026512146,0.919700026512146,0.8701000213623047,0.919700026512146,0.919700026512146,7880
2023-10-10 15:00:00,0.8999999761581421,0.9196000099182129,0.8999999761581421,0.9003999829292297,0.9003999829292297,6925
2023-10-10 15:15:00,0.9004999995231628,0.9150000214576721,0.8720999956130981,0.9150000214576721,0.9150000214576721,7927
2023-10-10 15:30:00,0.904699981212616,0.904699981212616,0.8849999904632568,0.8999000191688538,0.8999000191688538,5224
2023-10-10 15:45:00,0.8899999856948853,0.9111999869346619,0.8849999904632568,0.8899999856948853,0.8899999856948853,32553
2023-10-11 09:30:00,1.090000033378601,1.350000023841858,1.059999942779541,1.2390999794006348,1.2390999794006348,6815591
2023-10-11 09:45:00,1.2300000190734863,1.2899999618530273,1.1399999856948853,1.1490000486373901,1.1490000486373901,935498
2023-10-11 10:00:00,1.1449999809265137,1.1799999475479126,1.1299999952316284,1.149999976158142,1.149999976158142,312704
2023-10-11 10:15:00,1.149999976158142,1.25,1.149999976158142,1.2274999618530273,1.2274999618530273,506283
2023-10-11 10:30:00,1.2297999858856201,1.2300000190734863,1.149999976158142,1.1500999927520752,1.1500999927520752,351133
2023-10-11 10:45:00,1.1412999629974365,1.2200000286102295,1.1299999952316284,1.190000057220459,1.190000057220459,275299
2023-10-11 11:00:00,1.190000057220459,1.2000000476837158,1.1299999952316284,1.1591999530792236,1.1591999530792236,169049
2023-10-11 11:15:00,1.159000039100647,1.2000000476837158,1.149999976158142,1.2000000476837158,1.2000000476837158,140611
2023-10-11 11:30:00,1.2000000476837158,1.2000000476837158,1.149999976158142,1.1683000326156616,1.1683000326156616,64408
2023-10-11 11:45:00,1.1698999404907227,1.1699999570846558,1.159999966621399,1.159999966621399,1.159999966621399,35179
2023-10-11 12:00:00,1.1699999570846558,1.1699999570846558,1.100000023841858,1.149999976158142,1.149999976158142,141380
2023-10-11 12:15:00,1.1585999727249146,1.159999966621399,1.1401000022888184,1.1506999731063843,1.1506999731063843,69052
2023-10-11 12:30:00,1.149999976158142,1.149999976158142,1.0700000524520874,1.0800000429153442,1.0800000429153442,209357
2023-10-11 12:45:00,1.0809999704360962,1.090000033378601,1.0299999713897705,1.0299999713897705,1.0299999713897705,101099
2023-10-11 13:00:00,1.0299999713897705,1.0720000267028809,1.0299999713897705,1.0398999452590942,1.0398999452590942,110427
2023-10-11 13:15:00,1.0399999618530273,1.0700000524520874,1.0299999713897705,1.0676000118255615,1.0676000118255615,37307
2023-10-11 13:30:00,1.059999942779541,1.0700000524520874,1.0500999689102173,1.0700000524520874,1.0700000524520874,22719
2023-10-11 13:45:00,1.069100022315979,1.0800000429153442,1.059999942779541,1.0616999864578247,1.0616999864578247,17959
2023-10-11 14:00:00,1.0601999759674072,1.100000023841858,1.0499999523162842,1.0800000429153442,1.0800000429153442,73246
2023-10-11 14:15:00,1.086300015449524,1.1399999856948853,1.0800000429153442,1.1101000308990479,1.1101000308990479,74771
2023-10-11 14:30:00,1.1103999614715576,1.1190999746322632,1.100000023841858,1.1190999746322632,1.1190999746322632,13878
2023-10-11 14:45:00,1.1190999746322632,1.1200000047683716,1.1100000143051147,1.1200000047683716,1.1200000047683716,23774
2023-10-11 15:00:00,1.1101000308990479,1.1200000047683716,1.090000033378601,1.1100000143051147,1.1100000143051147,31013
2023-10-11 15:15:00,1.1050000190734863,1.1100000143051147,1.0800000429153442,1.0887999534606934,1.0887999534606934,27347
2023-10-11 15:30:00,1.090000033378601,1.1100000143051147,1.0499999523162842,1.1100000143051147,1.1100000143051147,93324
2023-10-11 15:45:00,1.090000033378601,1.1100000143051147,1.0700000524520874,1.0709999799728394,1.0709999799728394,106830
2023-10-12 09:30:00,0.8949999809265137,1.0800000429153442,0.8949999809265137,0.941100001335144,0.941100001335144,326383
2023-10-12 09:45:00,0.9700000286102295,0.9700000286102295,0.9200000166893005,0.9398999810218811,0.9398999810218811,30134
2023-10-12 10:00:00,0.910099983215332,0.9578999876976013,0.9001010060310364,0.942300021648407,0.942300021648407,14639
2023-10-12 10:15:00,0.9498999714851379,1.0399999618530273,0.9498999714851379,1.0399999618530273,1.0399999618530273,102784
2023-10-12 10:30:00,1.0199999809265137,1.0399999618530273,0.9401000142097473,0.9800000190734863,0.9800000190734863,35132
2023-10-12 10:45:00,0.9901999831199646,1.0130000114440918,0.9599999785423279,0.9898999929428101,0.9898999929428101,7547
2023-10-12 11:00:00,0.942799985408783,0.9900000095367432,0.9399999976158142,0.9900000095367432,0.9900000095367432,11512
2023-10-12 11:15:00,0.9800000190734863,1.0199999809265137,0.9502000212669373,0.9502000212669373,0.9502000212669373,7705
2023-10-12 11:30:00,0.9900000095367432,0.9900990128517151,0.9599999785423279,0.9603000283241272,0.9603000283241272,9747
2023-10-12 11:45:00,0.9700009822845459,0.9800500273704529,0.9700000286102295,0.9700000286102295,0.9700000286102295,3423
2023-10-12 12:00:00,0.9700999855995178,0.9700999855995178,0.949999988079071,0.9699000120162964,0.9699000120162964,16944
2023-10-12 12:15:00,0.9501000046730042,0.9700000286102295,0.949999988079071,0.949999988079071,0.949999988079071,24701
2023-10-12 12:30:00,0.9599999785423279,0.9700000286102295,0.9301000237464905,0.949999988079071,0.949999988079071,5660
2023-10-12 12:45:00,0.9700000286102295,0.9700000286102295,0.949999988079071,0.949999988079071,0.949999988079071,9591
2023-10-12 13:00:00,0.9500010013580322,0.9501000046730042,0.949999988079071,0.949999988079071,0.949999988079071,2066
2023-10-12 13:15:00,0.949999988079071,0.949999988079071,0.9300000071525574,0.9498000144958496,0.9498000144958496,10868
2023-10-12 13:30:00,0.949999988079071,0.949999988079071,0.8999999761581421,0.9490000009536743,0.9490000009536743,12874
2023-10-12 13:45:00,0.949999988079071,0.949999988079071,0.9121009707450867,0.9355000257492065,0.9355000257492065,24048
2023-10-12 14:00:00,0.949999988079071,0.9700000286102295,0.949999988079071,0.968999981880188,0.968999981880188,9323
2023-10-12 14:15:00,0.9300000071525574,0.9495000243186951,0.9300000071525574,0.9495000243186951,0.9495000243186951,4892
2023-10-12 14:30:00,0.9350000023841858,0.9524999856948853,0.9301000237464905,0.9350000023841858,0.9350000023841858,4094
2023-10-12 14:45:00,0.9350000023841858,0.9351000189781189,0.9300000071525574,0.9300000071525574,0.9300000071525574,2294
2023-10-12 15:00:00,0.9300000071525574,0.9300000071525574,0.9200000166893005,0.9200000166893005,0.9200000166893005,1038
2023-10-12 15:15:00,0.92010098695755,0.925000011920929,0.9200999736785889,0.9200999736785889,0.9200999736785889,2917
2023-10-12 15:30:00,0.949999988079071,0.949999988079071,0.9352999925613403,0.949999988079071,0.949999988079071,4568
2023-10-12 15:45:00,0.9496999979019165,0.9617000222206116,0.9301009774208069,0.9399999976158142,0.9399999976158142,7927
2023-10-13 09:30:00,0.9200000166893005,0.9521499872207642,0.9200000166893005,0.920199990272522,0.920199990272522,47770
2023-10-13 09:45:00,0.932699978351593,0.9472000002861023,0.920199990272522,0.920199990272522,0.920199990272522,5839
2023-10-13 10:00:00,0.9498999714851379,0.9498999714851379,0.9203000068664551,0.9203000068664551,0.9203000068664551,9299
2023-10-13 10:15:00,0.9204000234603882,0.9300000071525574,0.9200000166893005,0.9200000166893005,0.9200000166893005,8571
2023-10-13 10:30:00,0.9200000166893005,0.9498999714851379,0.8999999761581421,0.9498999714851379,0.9498999714851379,19930
2023-10-13 10:45:00,0.900600016117096,0.9100000262260437,0.9000999927520752,0.9100000262260437,0.9100000262260437,2661
2023-10-13 11:00:00,0.9150000214576721,0.9150000214576721,0.910099983215332,0.9138000011444092,0.9138000011444092,1827
2023-10-13 11:15:00,0.9179999828338623,0.9179999828338623,0.910099983215332,0.910099983215332,0.910099983215332,7664
2023-10-13 11:30:00,0.9101999998092651,0.9240000247955322,0.910099983215332,0.9190000295639038,0.9190000295639038,16963
2023-10-13 11:45:00,0.9121000170707703,0.9240000247955322,0.9120000004768372,0.9120000004768372,0.9120000004768372,12178
2023-10-13 12:00:00,0.9120000004768372,0.9200000166893005,0.910099983215332,0.911300003528595,0.911300003528595,10683
2023-10-13 12:15:00,0.9101999998092651,0.9298999905586243,0.9101999998092651,0.9253000020980835,0.9253000020980835,5980
2023-10-13 12:30:00,0.9200000166893005,0.9300000071525574,0.9200000166893005,0.9300000071525574,0.9300000071525574,4589
2023-10-13 12:45:00,0.9200999736785889,0.9399999976158142,0.9200999736785889,0.9399999976158142,0.9399999976158142,8696
2023-10-13 13:00:00,0.9307000041007996,0.9307000041007996,0.9307000041007996,0.9307000041007996,0.9307000041007996,762
2023-10-13 13:15:00,0.9200000166893005,0.9200000166893005,0.9103000164031982,0.9103000164031982,0.9103000164031982,1097
2023-10-13 13:30:00,0.9199000000953674,0.9437459707260132,0.9199000000953674,0.9437459707260132,0.9437459707260132,4518
2023-10-13 13:45:00,0.92010098695755,0.9325000047683716,0.92010098695755,0.9325000047683716,0.9325000047683716,1578
2023-10-13 14:00:00,0.932699978351593,0.9498999714851379,0.910099983215332,0.910099983215332,0.910099983215332,8380
2023-10-13 14:15:00,0.9473999738693237,0.9473999738693237,0.9412999749183655,0.9412999749183655,0.9412999749183655,3228
2023-10-13 14:30:00,0.9103000164031982,0.9200000166893005,0.910099983215332,0.9103999733924866,0.9103999733924866,7295
2023-10-13 14:45:00,0.9103000164031982,0.9103000164031982,0.8500000238418579,0.8801000118255615,0.8801000118255615,59873
2023-10-13 15:00:00,0.8917999863624573,0.9007999897003174,0.8901000022888184,0.8901000022888184,0.8901000022888184,5527
2023-10-13 15:15:00,0.9398999810218811,0.9398999810218811,0.890999972820282,0.9200000166893005,0.9200000166893005,5259
2023-10-13 15:30:00,0.8910999894142151,0.8910999894142151,0.8910099864006042,0.8910099864006042,0.8910099864006042,577
2023-10-13 15:45:00,0.9100000262260437,0.9399999976158142,0.8999999761581421,0.9089000225067139,0.9089000225067139,18611
